panel t -1.913417  4.619398  0.       -1.876652  4.619398 -0.37329  -2.724475  4.157348 -0.541932
panel t -1.913416 -4.619398  0.       -2.777851 -4.157348  0.       -2.724475 -4.157348 -0.541932
panel t -4.157348 -2.777851  0.       -4.077466 -2.777851 -0.811059 -3.467599 -3.535534 -0.689749
panel t -4.903926 -0.975451  0.       -4.809699 -0.975451 -0.956709 -4.530637 -1.913416 -0.9012  
panel t -4.903926  0.975452  0.       -4.809699  0.975452 -0.956709 -4.903926  0.       -0.975452
panel t -4.157348  2.777851  0.       -4.077466  2.777851 -0.811059 -4.530637  1.913417 -0.9012  
panel t -2.777851  4.157348  0.       -2.724475  4.157348 -0.541932 -3.4676    3.535534 -0.689749
panel t -0.97545  -4.903926  0.       -1.913416 -4.619398  0.       -1.876651 -4.619398 -0.373289
panel t -0.975452  4.903926  0.       -0.956708  4.903926 -0.190301 -1.876652  4.619398 -0.37329 
panel t -3.535534 -3.535534  0.       -3.467599 -3.535534 -0.689749 -2.724475 -4.157348 -0.541932
panel t -4.619398 -1.913416  0.       -4.530637 -1.913416 -0.9012   -4.077466 -2.777851 -0.811059
panel t -5.  0.  0. -4.903926  0.       -0.975452 -4.809699 -0.975451 -0.956709
panel t -4.903926  0.975452  0.       -4.619398  1.913417  0.       -4.530637  1.913417 -0.9012  
panel t -3.535534  3.535534  0.       -3.4676    3.535534 -0.689749 -4.077466  2.777851 -0.811059
panel t -4.903926  0.       -0.975452 -4.619397  0.       -1.913418 -4.530637 -0.975451 -1.876652
panel t -4.809699  0.975452 -0.956709 -4.530637  1.913417 -0.9012   -4.267766  1.913417 -1.767768
panel t -3.4676    3.535534 -0.689749 -3.266407  3.535534 -1.352991 -3.840889  2.777851 -1.590949
panel t -1.876652  4.619398 -0.37329  -1.767767  4.619398 -0.732234 -2.5664    4.157348 -1.063038
panel t -2.724475 -4.157348 -0.541932 -2.566399 -4.157348 -1.063038 -1.767766 -4.619398 -0.732233
panel t -4.077466 -2.777851 -0.811059 -3.840889 -2.777851 -1.590949 -3.266407 -3.535534 -1.352991
panel t -4.530637 -1.913416 -0.9012   -4.809699 -0.975451 -0.956709 -4.530637 -0.975451 -1.876652
panel t -4.809699  0.975452 -0.956709 -4.530637  0.975452 -1.876652 -4.619397  0.       -1.913418
panel t -4.077466  2.777851 -0.811059 -3.840889  2.777851 -1.590949 -4.267766  1.913417 -1.767768
panel t -3.4676    3.535534 -0.689749 -2.724475  4.157348 -0.541932 -2.5664    4.157348 -1.063038
panel t -0.956707 -4.903926 -0.190301 -1.876651 -4.619398 -0.373289 -1.767766 -4.619398 -0.732233
panel t -0.956708  4.903926 -0.190301 -0.9012    4.903926 -0.37329  -1.767767  4.619398 -0.732234
panel t -3.467599 -3.535534 -0.689749 -3.266407 -3.535534 -1.352991 -2.566399 -4.157348 -1.063038
panel t -4.077466 -2.777851 -0.811059 -4.530637 -1.913416 -0.9012   -4.267766 -1.913416 -1.767768
panel t -4.619397  0.       -1.913418 -4.157348  0.       -2.777852 -4.077465 -0.975451 -2.724476
panel t -4.530637  0.975452 -1.876652 -4.267766  1.913417 -1.767768 -3.840888  1.913417 -2.566401
panel t -3.266407  3.535534 -1.352991 -2.939688  3.535534 -1.964238 -3.456708  2.777851 -2.3097  
panel t -1.767767  4.619398 -0.732234 -1.590948  4.619398 -1.063039 -2.309698  4.157348 -1.543292
panel t -2.566399 -4.157348 -1.063038 -2.309698 -4.157348 -1.543292 -1.590947 -4.619398 -1.063038
panel t -3.266407 -3.535534 -1.352991 -3.840889 -2.777851 -1.590949 -3.456708 -2.777851 -2.3097  
panel t -4.530637 -0.975451 -1.876652 -4.077465 -0.975451 -2.724476 -3.840888 -1.913416 -2.566401
panel t -4.530637  0.975452 -1.876652 -4.077465  0.975452 -2.724476 -4.157348  0.       -2.777852
panel t -4.267766  1.913417 -1.767768 -3.840889  2.777851 -1.590949 -3.456708  2.777851 -2.3097  
panel t -2.5664    4.157348 -1.063038 -2.309698  4.157348 -1.543292 -2.939688  3.535534 -1.964238
panel t -0.901198 -4.903926 -0.373289 -1.767766 -4.619398 -0.732233 -1.590947 -4.619398 -1.063038
panel t -0.9012    4.903926 -0.37329  -0.811058  4.903926 -0.541933 -1.590948  4.619398 -1.063039
panel t -3.266407 -3.535534 -1.352991 -2.939688 -3.535534 -1.964238 -2.309698 -4.157348 -1.543292
panel t -4.267766 -1.913416 -1.767768 -3.840888 -1.913416 -2.566401 -3.456708 -2.777851 -2.3097  
panel t -4.077465 -0.975451 -2.724476 -4.157348  0.       -2.777852 -3.535533  0.       -3.535535
panel t -3.840888  1.913417 -2.566401 -3.266406  1.913417 -3.266408 -3.467599  0.975452 -3.467601
panel t -2.939688  3.535534 -1.964238 -2.499999  3.535534 -2.500001 -2.939688  2.777851 -2.93969 
panel t -1.590948  4.619398 -1.063039 -1.35299   4.619398 -1.352991 -1.964237  4.157348 -1.964238
panel t -1.590947 -4.619398 -1.063038 -2.309698 -4.157348 -1.543292 -1.964236 -4.157348 -1.964238
panel t -2.939688 -3.535534 -1.964238 -3.456708 -2.777851 -2.3097   -2.939688 -2.777851 -2.93969 
panel t -3.840888 -1.913416 -2.566401 -4.077465 -0.975451 -2.724476 -3.467599 -0.975451 -3.467601
panel t -4.077465  0.975452 -2.724476 -3.467599  0.975452 -3.467601 -3.535533  0.       -3.535535
panel t -3.456708  2.777851 -2.3097   -2.939688  2.777851 -2.93969  -3.266406  1.913417 -3.266408
panel t -2.309698  4.157348 -1.543292 -1.964237  4.157348 -1.964238 -2.499999  3.535534 -2.500001
panel t -0.811057 -4.903926 -0.541932 -1.590947 -4.619398 -1.063038 -1.352989 -4.619398 -1.352991
panel t -0.811058  4.903926 -0.541933 -0.689748  4.903926 -0.689749 -1.35299   4.619398 -1.352991
panel t -2.939688 -3.535534 -1.964238 -2.499999 -3.535534 -2.500001 -1.964236 -4.157348 -1.964238
panel t -3.456708 -2.777851 -2.3097   -3.840888 -1.913416 -2.566401 -3.266406 -1.913416 -3.266408
panel t -3.535533  0.       -3.535535 -2.77785   0.       -4.157349 -2.724474 -0.975451 -4.077467
panel t -3.266406  1.913417 -3.266408 -2.566399  1.913417 -3.840889 -2.724474  0.975452 -4.077467
panel t -2.499999  3.535534 -2.500001 -1.964236  3.535534 -2.93969  -2.309698  2.777851 -3.456709
panel t -1.35299   4.619398 -1.352991 -1.063037  4.619398 -1.59095  -1.543291  4.157348 -2.3097  
panel t -1.964236 -4.157348 -1.964238 -1.54329  -4.157348 -2.3097   -1.063036 -4.619398 -1.590949
panel t -2.499999 -3.535534 -2.500001 -2.939688 -2.777851 -2.93969  -2.309698 -2.777851 -3.456709
panel t -3.467599 -0.975451 -3.467601 -2.724474 -0.975451 -4.077467 -2.566399 -1.913416 -3.840889
panel t -3.467599  0.975452 -3.467601 -2.724474  0.975452 -4.077467 -2.77785   0.       -4.157349
panel t -2.939688  2.777851 -2.93969  -2.309698  2.777851 -3.456709 -2.566399  1.913417 -3.840889
panel t -1.964237  4.157348 -1.964238 -1.543291  4.157348 -2.3097   -1.964236  3.535534 -2.93969 
panel t -1.352989 -4.619398 -1.352991 -1.063036 -4.619398 -1.590949 -0.54193  -4.903926 -0.811059
panel t -0.689748  4.903926 -0.689749 -0.541931  4.903926 -0.811059 -1.063037  4.619398 -1.59095 
panel t -2.499999 -3.535534 -2.500001 -1.964236 -3.535534 -2.93969  -1.54329  -4.157348 -2.3097  
panel t -2.939688 -2.777851 -2.93969  -3.266406 -1.913416 -3.266408 -2.566399 -1.913416 -3.840889
panel t -2.77785   0.       -4.157349 -1.913416  0.       -4.619399 -1.87665  -0.975451 -4.530639
panel t -2.724474  0.975452 -4.077467 -2.566399  1.913417 -3.840889 -1.767766  1.913417 -4.267767
panel t -1.964236  3.535534 -2.93969  -1.352989  3.535534 -3.266408 -1.590947  2.777851 -3.840889
panel t -1.063037  4.619398 -1.59095  -0.732232  4.619398 -1.767769 -1.063037  4.157348 -2.566401
panel t -1.063036 -4.619398 -1.590949 -1.54329  -4.157348 -2.3097   -1.063036 -4.157348 -2.566401
panel t -1.964236 -3.535534 -2.93969  -2.309698 -2.777851 -3.456709 -1.590947 -2.777851 -3.840889
panel t -2.724474 -0.975451 -4.077467 -1.87665  -0.975451 -4.530639 -1.767766 -1.913416 -4.267767
panel t -2.724474  0.975452 -4.077467 -1.87665   0.975452 -4.530639 -1.913416  0.       -4.619399
panel t -2.309698  2.777851 -3.456709 -1.590947  2.777851 -3.840889 -1.767766  1.913417 -4.267767
panel t -1.543291  4.157348 -2.3097   -1.063037  4.157348 -2.566401 -1.352989  3.535534 -3.266408
panel t -0.54193  -4.903926 -0.811059 -1.063036 -4.619398 -1.590949 -0.732232 -4.619398 -1.767768
panel t -0.541931  4.903926 -0.811059 -0.373288  4.903926 -0.901201 -0.732232  4.619398 -1.767769
panel t -1.54329  -4.157348 -2.3097   -1.964236 -3.535534 -2.93969  -1.352989 -3.535534 -3.266408
panel t -2.309698 -2.777851 -3.456709 -2.566399 -1.913416 -3.840889 -1.767766 -1.913416 -4.267767
panel t -1.913416  0.       -4.619399 -0.97545   0.       -4.903928 -0.956707 -0.975451 -4.8097  
panel t -1.87665   0.975452 -4.530639 -1.767766  1.913417 -4.267767 -0.901198  1.913417 -4.530638
panel t -1.352989  3.535534 -3.266408 -0.689747  3.535534 -3.4676   -0.811057  2.777851 -4.077466
panel t -0.732232  4.619398 -1.767769 -0.373288  4.619398 -1.876653 -0.541931  4.157348 -2.724476
panel t -0.732232 -4.619398 -1.767768 -1.063036 -4.157348 -2.566401 -0.54193  -4.157348 -2.724476
panel t -1.590947 -2.777851 -3.840889 -0.811057 -2.777851 -4.077466 -0.689747 -3.535534 -3.4676  
panel t -1.87665  -0.975451 -4.530639 -0.956707 -0.975451 -4.8097   -0.901198 -1.913416 -4.530638
panel t -1.87665   0.975452 -4.530639 -0.956707  0.975452 -4.8097   -0.97545   0.       -4.903928
panel t -1.590947  2.777851 -3.840889 -0.811057  2.777851 -4.077466 -0.901198  1.913417 -4.530638
panel t -1.063037  4.157348 -2.566401 -0.541931  4.157348 -2.724476 -0.689747  3.535534 -3.4676  
panel t -0.373288 -4.903926 -0.9012   -0.732232 -4.619398 -1.767768 -0.373288 -4.619398 -1.876652
panel t -0.373288  4.903926 -0.901201 -0.1903    4.903926 -0.95671  -0.373288  4.619398 -1.876653
panel t -1.352989 -3.535534 -3.266408 -0.689747 -3.535534 -3.4676   -0.54193  -4.157348 -2.724476
panel t -1.590947 -2.777851 -3.840889 -1.767766 -1.913416 -4.267767 -0.901198 -1.913416 -4.530638
panel t -0.97545   0.       -4.903928   2.00000000e-06   0.00000000e+00  -5.00000100e+00   2.00000000e-06  -9.75451000e-01  -4.90392800e+00
panel t -0.956707  0.975452 -4.8097   -0.901198  1.913417 -4.530638   1.00000000e-06   1.91341700e+00  -4.61939800e+00
panel t -0.811057  2.777851 -4.077466 -0.689747  3.535534 -3.4676     2.00000000e-06   3.53553400e+00  -3.53553400e+00
panel t -0.373288  4.619398 -1.876653   2.00000000e-06   4.61939800e+00  -1.91341900e+00   1.00000000e-06   4.15734800e+00  -2.77785200e+00
panel t -0.373288 -4.619398 -1.876652 -0.54193  -4.157348 -2.724476   2.00000000e-06  -4.15734800e+00  -2.77785200e+00
panel t -0.811057 -2.777851 -4.077466   2.00000000e-06  -2.77785100e+00  -4.15734900e+00   2.00000000e-06  -3.53553400e+00  -3.53553400e+00
panel t -0.956707 -0.975451 -4.8097     2.00000000e-06  -9.75451000e-01  -4.90392800e+00   1.00000000e-06  -1.91341600e+00  -4.61939800e+00
panel t -0.956707  0.975452 -4.8097     2.00000000e-06   9.75452000e-01  -4.90392800e+00   2.00000000e-06   0.00000000e+00  -5.00000100e+00
panel t -0.811057  2.777851 -4.077466   2.00000000e-06   2.77785100e+00  -4.15734900e+00   1.00000000e-06   1.91341700e+00  -4.61939800e+00
panel t -0.689747  3.535534 -3.4676   -0.541931  4.157348 -2.724476   1.00000000e-06   4.15734800e+00  -2.77785200e+00
panel t -0.1903   -4.903926 -0.956709 -0.373288 -4.619398 -1.876652   2.00000000e-06  -4.61939800e+00  -1.91341800e+00
panel t -0.1903    4.903926 -0.95671    2.00000000e-06   4.90392600e+00  -9.75453000e-01   2.00000000e-06   4.61939800e+00  -1.91341900e+00
panel t -0.54193  -4.157348 -2.724476 -0.689747 -3.535534 -3.4676     2.00000000e-06  -3.53553400e+00  -3.53553400e+00
panel t -0.811057 -2.777851 -4.077466 -0.901198 -1.913416 -4.530638   1.00000000e-06  -1.91341600e+00  -4.61939800e+00
panel t   2.00000000e-06  -9.75451000e-01  -4.90392800e+00   2.00000000e-06   0.00000000e+00  -5.00000100e+00  0.975454  0.       -4.903928
panel t   2.00000000e-06   9.75452000e-01  -4.90392800e+00   1.00000000e-06   1.91341700e+00  -4.61939800e+00  0.901201  1.913417 -4.530638
panel t   2.00000000e-06   3.53553400e+00  -3.53553400e+00  0.68975   3.535534 -3.4676    0.81106   2.777851 -4.077466
panel t   2.00000000e-06   4.61939800e+00  -1.91341900e+00  0.373291  4.619398 -1.876653  0.541934  4.157348 -2.724476
panel t   2.00000000e-06  -4.61939800e+00  -1.91341800e+00   2.00000000e-06  -4.15734800e+00  -2.77785200e+00  0.541934 -4.157348 -2.724476
panel t   2.00000000e-06  -3.53553400e+00  -3.53553400e+00   2.00000000e-06  -2.77785100e+00  -4.15734900e+00  0.81106  -2.777851 -4.077466
panel t   2.00000000e-06  -9.75451000e-01  -4.90392800e+00  0.956711 -0.975451 -4.8097    0.901201 -1.913416 -4.530638
panel t   2.00000000e-06   9.75452000e-01  -4.90392800e+00  0.956711  0.975452 -4.8097    0.975454  0.       -4.903928
panel t   2.00000000e-06   2.77785100e+00  -4.15734900e+00  0.81106   2.777851 -4.077466  0.901201  1.913417 -4.530638
panel t   2.00000000e-06   3.53553400e+00  -3.53553400e+00   1.00000000e-06   4.15734800e+00  -2.77785200e+00  0.541934  4.157348 -2.724476
panel t   2.00000000e-06  -4.90392600e+00  -9.75452000e-01   2.00000000e-06  -4.61939800e+00  -1.91341800e+00  0.373291 -4.619398 -1.876652
panel t   2.00000000e-06   4.90392600e+00  -9.75453000e-01  0.190303  4.903926 -0.95671   0.373291  4.619398 -1.876653
panel t   2.00000000e-06  -3.53553400e+00  -3.53553400e+00  0.68975  -3.535534 -3.4676    0.541934 -4.157348 -2.724476
panel t   2.00000000e-06  -2.77785100e+00  -4.15734900e+00   1.00000000e-06  -1.91341600e+00  -4.61939800e+00  0.901201 -1.913416 -4.530638
panel t  0.956711 -0.975451 -4.8097    0.975454  0.       -4.903928  1.913419  0.       -4.619399
panel t  0.956711  0.975452 -4.8097    0.901201  1.913417 -4.530638  1.767769  1.913417 -4.267767
panel t  0.68975   3.535534 -3.4676    1.352992  3.535534 -3.266407  1.59095   2.777851 -3.840889
panel t  0.541934  4.157348 -2.724476  0.373291  4.619398 -1.876653  0.732235  4.619398 -1.767768
panel t  0.541934 -4.157348 -2.724476  1.06304  -4.157348 -2.5664    0.732235 -4.619398 -1.767768
panel t  0.68975  -3.535534 -3.4676    0.81106  -2.777851 -4.077466  1.59095  -2.777851 -3.840889
panel t  0.956711 -0.975451 -4.8097    1.876654 -0.975451 -4.530638  1.767769 -1.913416 -4.267767
panel t  0.956711  0.975452 -4.8097    1.876654  0.975452 -4.530638  1.913419  0.       -4.619399
panel t  0.81106   2.777851 -4.077466  1.59095   2.777851 -3.840889  1.767769  1.913417 -4.267767
panel t  0.541934  4.157348 -2.724476  1.063039  4.157348 -2.566401  1.352992  3.535534 -3.266407
panel t  0.373291 -4.619398 -1.876652  0.732235 -4.619398 -1.767768  0.373291 -4.903926 -0.9012  
panel t  0.190303  4.903926 -0.95671   0.373291  4.903926 -0.901201  0.732235  4.619398 -1.767768
panel t  0.541934 -4.157348 -2.724476  0.68975  -3.535534 -3.4676    1.352992 -3.535534 -3.266407
panel t  0.81106  -2.777851 -4.077466  0.901201 -1.913416 -4.530638  1.767769 -1.913416 -4.267767
panel t  1.876654 -0.975451 -4.530638  1.913419  0.       -4.619399  2.777853  0.       -4.15735 
panel t  1.876654  0.975452 -4.530638  1.767769  1.913417 -4.267767  2.566401  1.913417 -3.840889
panel t  1.352992  3.535534 -3.266407  1.964239  3.535534 -2.939689  2.3097    2.777851 -3.456708
panel t  0.732235  4.619398 -1.767768  1.06304   4.619398 -1.590949  1.543293  4.157348 -2.309699
panel t  0.732235 -4.619398 -1.767768  1.06304  -4.157348 -2.5664    1.543293 -4.157348 -2.309699
panel t  1.352992 -3.535534 -3.266407  1.59095  -2.777851 -3.840889  2.3097   -2.777851 -3.456708
panel t  1.876654 -0.975451 -4.530638  2.724478 -0.975451 -4.077466  2.566401 -1.913416 -3.840889
panel t  1.876654  0.975452 -4.530638  2.724478  0.975452 -4.077466  2.777853  0.       -4.15735 
panel t  1.59095   2.777851 -3.840889  2.3097    2.777851 -3.456708  2.566401  1.913417 -3.840889
panel t  1.063039  4.157348 -2.566401  1.543293  4.157348 -2.309699  1.964239  3.535534 -2.939689
panel t  0.732235 -4.619398 -1.767768  1.06304  -4.619398 -1.590949  0.541933 -4.903926 -0.811058
panel t  0.373291  4.903926 -0.901201  0.541934  4.903926 -0.811059  1.06304   4.619398 -1.590949
panel t  1.06304  -4.157348 -2.5664    1.352992 -3.535534 -3.266407  1.964239 -3.535534 -2.939689
panel t  1.59095  -2.777851 -3.840889  1.767769 -1.913416 -4.267767  2.566401 -1.913416 -3.840889
panel t  2.724478 -0.975451 -4.077466  2.777853  0.       -4.15735   3.535537  0.       -3.535535
panel t  2.724478  0.975452 -4.077466  2.566401  1.913417 -3.840889  3.266409  1.913417 -3.266407
panel t  1.964239  3.535534 -2.939689  2.500001  3.535534 -2.5       2.93969   2.777851 -2.939688
panel t  1.06304   4.619398 -1.590949  1.352993  4.619398 -1.352991  1.964239  4.157348 -1.964238
panel t  1.06304  -4.619398 -1.590949  1.543293 -4.157348 -2.309699  1.964239 -4.157348 -1.964238
panel t  1.964239 -3.535534 -2.939689  2.3097   -2.777851 -3.456708  2.93969  -2.777851 -2.939688
panel t  2.724478 -0.975451 -4.077466  3.467602 -0.975451 -3.4676    3.266409 -1.913416 -3.266407
panel t  2.724478  0.975452 -4.077466  3.467602  0.975452 -3.4676    3.535537  0.       -3.535535
panel t  2.3097    2.777851 -3.456708  2.93969   2.777851 -2.939688  3.266409  1.913417 -3.266407
panel t  1.964239  3.535534 -2.939689  1.543293  4.157348 -2.309699  1.964239  4.157348 -1.964238
panel t  0.541933 -4.903926 -0.811058  1.06304  -4.619398 -1.590949  1.352993 -4.619398 -1.352991
panel t  0.541934  4.903926 -0.811059  0.689751  4.903926 -0.689749  1.352993  4.619398 -1.352991
panel t  1.543293 -4.157348 -2.309699  1.964239 -3.535534 -2.939689  2.500001 -3.535534 -2.5     
panel t  2.3097   -2.777851 -3.456708  2.566401 -1.913416 -3.840889  3.266409 -1.913416 -3.266407
panel t  3.467602 -0.975451 -3.4676    3.535537  0.       -3.535535  4.157351  0.       -2.777852
panel t  3.467602  0.975452 -3.4676    3.266409  1.913417 -3.266407  3.84089   1.913417 -2.5664  
panel t  2.500001  3.535534 -2.5       2.93969   3.535534 -1.964237  3.45671   2.777851 -2.309698
panel t  1.352993  4.619398 -1.352991  1.590951  4.619398 -1.063038  2.309701  4.157348 -1.543292
panel t  1.352993 -4.619398 -1.352991  1.964239 -4.157348 -1.964238  2.3097   -4.157348 -1.543291
panel t  2.93969  -2.777851 -2.939688  3.45671  -2.777851 -2.309698  2.93969  -3.535534 -1.964237
panel t  3.467602 -0.975451 -3.4676    4.077468 -0.975451 -2.724475  3.84089  -1.913416 -2.5664  
panel t  3.467602  0.975452 -3.4676    4.077468  0.975452 -2.724475  4.157351  0.       -2.777852
panel t  2.93969   2.777851 -2.939688  3.45671   2.777851 -2.309698  3.84089   1.913417 -2.5664  
panel t  2.500001  3.535534 -2.5       1.964239  4.157348 -1.964238  2.309701  4.157348 -1.543292
panel t  0.68975  -4.903926 -0.689748  1.352993 -4.619398 -1.352991  1.59095  -4.619398 -1.063038
panel t  0.689751  4.903926 -0.689749  0.811061  4.903926 -0.541932  1.590951  4.619398 -1.063038
panel t  2.500001 -3.535534 -2.5       2.93969  -3.535534 -1.964237  2.3097   -4.157348 -1.543291
panel t  2.93969  -2.777851 -2.939688  3.266409 -1.913416 -3.266407  3.84089  -1.913416 -2.5664  
panel t  4.077468 -0.975451 -2.724475  4.157351  0.       -2.777852  4.6194    0.       -1.913417
panel t  4.077468  0.975452 -2.724475  3.84089   1.913417 -2.5664    4.267768  1.913417 -1.767767
panel t  2.93969   3.535534 -1.964237  3.266408  3.535534 -1.35299   3.840889  2.777851 -1.590948
panel t  1.590951  4.619398 -1.063038  1.76777   4.619398 -0.732233  2.566401  4.157348 -1.063038
panel t  2.3097   -4.157348 -1.543291  2.566401 -4.157348 -1.063038  1.767769 -4.619398 -0.732233
panel t  2.93969  -3.535534 -1.964237  3.45671  -2.777851 -2.309698  3.840889 -2.777851 -1.590948
panel t  4.077468 -0.975451 -2.724475  4.53064  -0.975451 -1.876651  4.267768 -1.913416 -1.767767
panel t  4.077468  0.975452 -2.724475  4.53064   0.975452 -1.876651  4.6194    0.       -1.913417
panel t  3.45671   2.777851 -2.309698  3.840889  2.777851 -1.590948  4.267768  1.913417 -1.767767
panel t  2.93969   3.535534 -1.964237  2.309701  4.157348 -1.543292  2.566401  4.157348 -1.063038
panel t  1.59095  -4.619398 -1.063038  1.767769 -4.619398 -0.732233  0.901201 -4.903926 -0.373289
panel t  0.811061  4.903926 -0.541932  0.901202  4.903926 -0.373289  1.76777   4.619398 -0.732233
panel t  2.3097   -4.157348 -1.543291  2.93969  -3.535534 -1.964237  3.266408 -3.535534 -1.35299 
panel t  3.45671  -2.777851 -2.309698  3.84089  -1.913416 -2.5664    4.267768 -1.913416 -1.767767
panel t  4.53064  -0.975451 -1.876651  4.6194    0.       -1.913417  4.903929  0.       -0.975452
panel t  4.53064   0.975452 -1.876651  4.267768  1.913417 -1.767767  4.530638  1.913417 -0.9012  
panel t  3.266408  3.535534 -1.35299   3.4676    3.535534 -0.689748  4.077466  2.777851 -0.811058
panel t  1.76777   4.619398 -0.732233  1.876654  4.619398 -0.373289  2.724477  4.157348 -0.541932
panel t  2.566401 -4.157348 -1.063038  2.724477 -4.157348 -0.541932  1.876654 -4.619398 -0.373289
panel t  3.266408 -3.535534 -1.35299   3.840889 -2.777851 -1.590948  4.077466 -2.777851 -0.811058
panel t  4.53064  -0.975451 -1.876651  4.809701 -0.975451 -0.956708  4.530638 -1.913416 -0.9012  
panel t  4.53064   0.975452 -1.876651  4.809701  0.975452 -0.956708  4.903929  0.       -0.975452
panel t  3.840889  2.777851 -1.590948  4.077466  2.777851 -0.811058  4.530638  1.913417 -0.9012  
panel t  3.266408  3.535534 -1.35299   2.566401  4.157348 -1.063038  2.724477  4.157348 -0.541932
panel t  0.901201 -4.903926 -0.373289  1.767769 -4.619398 -0.732233  1.876654 -4.619398 -0.373289
panel t  0.901202  4.903926 -0.373289  0.956711  4.903926 -0.190301  1.876654  4.619398 -0.373289
panel t  3.266408 -3.535534 -1.35299   3.4676   -3.535534 -0.689748  2.724477 -4.157348 -0.541932
panel t  3.840889 -2.777851 -1.590948  4.267768 -1.913416 -1.767767  4.530638 -1.913416 -0.9012  
panel t  4.809701 -0.975451 -0.956708  4.903929  0.       -0.975452  5.000002  0.        0.      
panel t  4.809701  0.975452 -0.956708  4.530638  1.913417 -0.9012    4.619398  1.913417  0.      
panel t  3.4676    3.535534 -0.689748  3.535534  3.535534  0.        4.157348  2.777851  0.      
panel t  1.876654  4.619398 -0.373289  1.91342   4.619398  0.        2.777853  4.157348 -0.      
panel t  1.876654 -4.619398 -0.373289  2.724477 -4.157348 -0.541932  2.777853 -4.157348 -0.      
panel t  3.4676   -3.535534 -0.689748  4.077466 -2.777851 -0.811058  4.157348 -2.777851  0.      
panel t  4.809701 -0.975451 -0.956708   4.90392800e+00  -9.75451000e-01   1.00000000e-06  4.619398 -1.913416  0.      
panel t  4.809701  0.975452 -0.956708   4.90392800e+00   9.75452000e-01   1.00000000e-06  5.000002  0.        0.      
panel t  4.077466  2.777851 -0.811058  4.157348  2.777851  0.        4.619398  1.913417  0.      
panel t  3.4676    3.535534 -0.689748  2.724477  4.157348 -0.541932  2.777853  4.157348 -0.      
panel t  0.95671  -4.903926 -0.190301  1.876654 -4.619398 -0.373289  1.913419 -4.619398 -0.      
panel t  0.956711  4.903926 -0.190301  0.975454  4.903926  0.        1.91342   4.619398  0.      
panel t  3.4676   -3.535534 -0.689748  3.535534 -3.535534  0.        2.777853 -4.157348 -0.      
panel t  4.530638 -1.913416 -0.9012    4.619398 -1.913416  0.        4.157348 -2.777851  0.      
panel t   4.90392800e+00  -9.75451000e-01   1.00000000e-06  5.000002  0.        0.        4.903928  0.        0.975452
panel t   4.90392800e+00   9.75452000e-01   1.00000000e-06  4.619398  1.913417  0.        4.530637  1.913417  0.9012  
panel t  3.535534  3.535534  0.        3.4676    3.535534  0.689749  4.077466  2.777851  0.811058
panel t  1.91342   4.619398  0.        1.876654  4.619398  0.37329   2.724477  4.157348  0.541932
panel t  2.777853 -4.157348 -0.        2.724477 -4.157348  0.541932  1.876653 -4.619398  0.373289
panel t  3.535534 -3.535534  0.        4.157348 -2.777851  0.        4.077466 -2.777851  0.811058
panel t   4.90392800e+00  -9.75451000e-01   1.00000000e-06  4.8097   -0.975451  0.95671   4.530637 -1.913416  0.9012  
panel t   4.90392800e+00   9.75452000e-01   1.00000000e-06  4.8097    0.975452  0.95671   4.903928  0.        0.975452
panel t  4.157348  2.777851  0.        4.077466  2.777851  0.811058  4.530637  1.913417  0.9012  
panel t  2.777853  4.157348 -0.        2.724477  4.157348  0.541932  3.4676    3.535534  0.689749
panel t  0.975453 -4.903926  0.        1.913419 -4.619398 -0.        1.876653 -4.619398  0.373289
panel t  0.975454  4.903926  0.        0.956711  4.903926  0.190302  1.876654  4.619398  0.37329 
panel t  3.535534 -3.535534  0.        3.4676   -3.535534  0.689749  2.724477 -4.157348  0.541932
panel t  4.157348 -2.777851  0.        4.619398 -1.913416  0.        4.530637 -1.913416  0.9012  
panel t  4.8097   -0.975451  0.95671   4.903928  0.        0.975452  4.619399  0.        1.913417
panel t  4.8097    0.975452  0.95671   4.530637  1.913417  0.9012    4.267767  1.913417  1.767766
panel t  3.4676    3.535534  0.689749  3.266407  3.535534  1.35299   3.840889  2.777851  1.590948
panel t  1.876654  4.619398  0.37329   1.767769  4.619398  0.732234  2.566401  4.157348  1.063037
panel t  2.724477 -4.157348  0.541932  2.566401 -4.157348  1.063037  1.767769 -4.619398  0.732233
panel t  3.4676   -3.535534  0.689749  4.077466 -2.777851  0.811058  3.840889 -2.777851  1.590948
panel t  4.8097   -0.975451  0.95671   4.530639 -0.975451  1.876652  4.267767 -1.913416  1.767766
panel t  4.8097    0.975452  0.95671   4.530639  0.975452  1.876652  4.619399  0.        1.913417
panel t  4.077466  2.777851  0.811058  3.840889  2.777851  1.590948  4.267767  1.913417  1.767766
panel t  3.4676    3.535534  0.689749  2.724477  4.157348  0.541932  2.566401  4.157348  1.063037
panel t  1.876653 -4.619398  0.373289  1.767769 -4.619398  0.732233  0.901201 -4.903926  0.373289
panel t  1.876654  4.619398  0.37329   0.956711  4.903926  0.190302  0.901202  4.903926  0.37329 
panel t  3.4676   -3.535534  0.689749  3.266407 -3.535534  1.35299   2.566401 -4.157348  1.063037
panel t  4.530637 -1.913416  0.9012    4.267767 -1.913416  1.767766  3.840889 -2.777851  1.590948
panel t  4.530639 -0.975451  1.876652  4.619399  0.        1.913417  4.15735   0.        2.777851
panel t  4.530639  0.975452  1.876652  4.267767  1.913417  1.767766  3.840889  1.913417  2.566399
panel t  3.266407  3.535534  1.35299   2.939689  3.535534  1.964237  3.456708  2.777851  2.309698
panel t  1.767769  4.619398  0.732234  1.59095   4.619398  1.063038  2.3097    4.157348  1.543291
panel t  1.767769 -4.619398  0.732233  2.566401 -4.157348  1.063037  2.3097   -4.157348  1.543291
panel t  3.266407 -3.535534  1.35299   3.840889 -2.777851  1.590948  3.456708 -2.777851  2.309698
panel t  4.530639 -0.975451  1.876652  4.077467 -0.975451  2.724477  3.840889 -1.913416  2.566399
panel t  4.530639  0.975452  1.876652  4.077467  0.975452  2.724477  4.15735   0.        2.777851
panel t  3.840889  2.777851  1.590948  3.456708  2.777851  2.309698  3.840889  1.913417  2.566399
panel t  3.266407  3.535534  1.35299   2.566401  4.157348  1.063037  2.3097    4.157348  1.543291
panel t  0.901201 -4.903926  0.373289  1.767769 -4.619398  0.732233  1.59095  -4.619398  1.063038
panel t  0.901202  4.903926  0.37329   0.811061  4.903926  0.541933  1.59095   4.619398  1.063038
panel t  3.266407 -3.535534  1.35299   2.939689 -3.535534  1.964237  2.3097   -4.157348  1.543291
panel t  4.267767 -1.913416  1.767766  3.840889 -1.913416  2.566399  3.456708 -2.777851  2.309698
panel t  4.077467 -0.975451  2.724477  4.15735   0.        2.777851  3.535535  0.        3.535534
panel t  4.077467  0.975452  2.724477  3.840889  1.913417  2.566399  3.266407  1.913417  3.266406
panel t  2.939689  3.535534  1.964237  2.5       3.535534  2.499999  2.939689  2.777851  2.939688
panel t  1.59095   4.619398  1.063038  1.352992  4.619398  1.352991  1.964239  4.157348  1.964237
panel t  1.59095  -4.619398  1.063038  2.3097   -4.157348  1.543291  1.964239 -4.157348  1.964237
panel t  2.939689 -3.535534  1.964237  3.456708 -2.777851  2.309698  2.939689 -2.777851  2.939688
panel t  4.077467 -0.975451  2.724477  3.467601 -0.975451  3.467601  3.266407 -1.913416  3.266406
panel t  4.077467  0.975452  2.724477  3.467601  0.975452  3.467601  3.535535  0.        3.535534
panel t  3.456708  2.777851  2.309698  2.939689  2.777851  2.939688  3.266407  1.913417  3.266406
panel t  2.939689  3.535534  1.964237  2.3097    4.157348  1.543291  1.964239  4.157348  1.964237
panel t  0.81106  -4.903926  0.541932  1.59095  -4.619398  1.063038  1.352992 -4.619398  1.35299 
panel t  0.811061  4.903926  0.541933  0.68975   4.903926  0.689749  1.352992  4.619398  1.352991
panel t  2.939689 -3.535534  1.964237  2.5      -3.535534  2.499999  1.964239 -4.157348  1.964237
panel t  3.456708 -2.777851  2.309698  3.840889 -1.913416  2.566399  3.266407 -1.913416  3.266406
panel t  3.467601 -0.975451  3.467601  3.535535  0.        3.535534  2.777852  0.        4.157348
panel t  3.467601  0.975452  3.467601  3.266407  1.913417  3.266406  2.5664    1.913417  3.840887
panel t  2.5       3.535534  2.499999  1.964238  3.535534  2.939688  2.309699  2.777851  3.456707
panel t  1.352992  4.619398  1.352991  1.06304   4.619398  1.590949  1.543293  4.157348  2.309698
panel t  1.352992 -4.619398  1.35299   1.964239 -4.157348  1.964237  1.543293 -4.157348  2.309698
panel t  2.939689 -2.777851  2.939688  2.309699 -2.777851  3.456707  1.964238 -3.535534  2.939688
panel t  3.467601 -0.975451  3.467601  2.724476 -0.975451  4.077466  2.5664   -1.913416  3.840887
panel t  3.467601  0.975452  3.467601  2.724476  0.975452  4.077466  2.777852  0.        4.157348
panel t  2.939689  2.777851  2.939688  2.309699  2.777851  3.456707  2.5664    1.913417  3.840887
panel t  2.5       3.535534  2.499999  1.964239  4.157348  1.964237  1.543293  4.157348  2.309698
panel t  0.68975  -4.903926  0.689748  1.352992 -4.619398  1.35299   1.063039 -4.619398  1.590948
panel t  0.68975   4.903926  0.689749  0.541934  4.903926  0.811059  1.06304   4.619398  1.590949
panel t  2.5      -3.535534  2.499999  1.964238 -3.535534  2.939688  1.543293 -4.157348  2.309698
panel t  2.939689 -2.777851  2.939688  3.266407 -1.913416  3.266406  2.5664   -1.913416  3.840887
panel t  2.724476 -0.975451  4.077466  2.777852  0.        4.157348  1.913418  0.        4.619397
panel t  2.724476  0.975452  4.077466  2.5664    1.913417  3.840887  1.767767  1.913417  4.267765
panel t  1.964238  3.535534  2.939688  1.352991  3.535534  3.266406  1.590948  2.777851  3.840887
panel t  1.06304   4.619398  1.590949  0.732235  4.619398  1.767768  1.063039  4.157348  2.566399
panel t  1.063039 -4.619398  1.590948  1.543293 -4.157348  2.309698  1.063039 -4.157348  2.566399
panel t  2.309699 -2.777851  3.456707  1.590948 -2.777851  3.840887  1.352991 -3.535534  3.266406
panel t  2.724476 -0.975451  4.077466  1.876652 -0.975451  4.530637  1.767767 -1.913416  4.267765
panel t  2.724476  0.975452  4.077466  1.876652  0.975452  4.530637  1.913418  0.        4.619397
panel t  2.309699  2.777851  3.456707  1.590948  2.777851  3.840887  1.767767  1.913417  4.267765
panel t  1.964238  3.535534  2.939688  1.543293  4.157348  2.309698  1.063039  4.157348  2.566399
panel t  0.541933 -4.903926  0.811058  1.063039 -4.619398  1.590948  0.732235 -4.619398  1.767767
panel t  0.541934  4.903926  0.811059  0.373291  4.903926  0.901201  0.732235  4.619398  1.767768
panel t  1.964238 -3.535534  2.939688  1.352991 -3.535534  3.266406  1.063039 -4.157348  2.566399
panel t  2.309699 -2.777851  3.456707  2.5664   -1.913416  3.840887  1.767767 -1.913416  4.267765
panel t  1.876652 -0.975451  4.530637  1.913418  0.        4.619397  0.975453  0.        4.903925
panel t  1.876652  0.975452  4.530637  1.767767  1.913417  4.267765  0.9012    1.913417  4.530635
panel t  1.590948  2.777851  3.840887  1.352991  3.535534  3.266406  0.689749  3.535534  3.467598
panel t  0.732235  4.619398  1.767768  0.373291  4.619398  1.876652  0.541933  4.157348  2.724475
panel t  1.063039 -4.157348  2.566399  0.541933 -4.157348  2.724475  0.373291 -4.619398  1.876651
panel t  1.590948 -2.777851  3.840887  0.811059 -2.777851  4.077464  0.689749 -3.535534  3.467598
panel t  1.876652 -0.975451  4.530637  0.956709 -0.975451  4.809698  0.9012   -1.913416  4.530635
panel t  1.876652  0.975452  4.530637  0.956709  0.975452  4.809698  0.975453  0.        4.903925
panel t  1.590948  2.777851  3.840887  0.811059  2.777851  4.077464  0.9012    1.913417  4.530635
panel t  1.352991  3.535534  3.266406  1.063039  4.157348  2.566399  0.541933  4.157348  2.724475
panel t  0.732235 -4.619398  1.767767  0.373291 -4.619398  1.876651  0.190303 -4.903926  0.956708
panel t  0.373291  4.903926  0.901201  0.190303  4.903926  0.956709  0.373291  4.619398  1.876652
panel t  1.352991 -3.535534  3.266406  0.689749 -3.535534  3.467598  0.541933 -4.157348  2.724475
panel t  1.590948 -2.777851  3.840887  1.767767 -1.913416  4.267765  0.9012   -1.913416  4.530635
panel t  0.956709 -0.975451  4.809698  0.975453  0.        4.903925   1.00000000e-06   0.00000000e+00   4.99999900e+00
panel t  0.956709  0.975452  4.809698  0.9012    1.913417  4.530635   1.00000000e-06   1.91341700e+00   4.61939500e+00
panel t  0.689749  3.535534  3.467598   1.00000000e-06   3.53553400e+00   3.53553200e+00   1.00000000e-06   2.77785100e+00   4.15734500e+00
panel t  0.541933  4.157348  2.724475  0.373291  4.619398  1.876652   2.00000000e-06   4.61939800e+00   1.91341800e+00
panel t  0.541933 -4.157348  2.724475   2.00000000e-06  -4.15734800e+00   2.77785000e+00   2.00000000e-06  -4.61939800e+00   1.91341700e+00
panel t  0.811059 -2.777851  4.077464   1.00000000e-06  -2.77785100e+00   4.15734500e+00   1.00000000e-06  -3.53553400e+00   3.53553200e+00
panel t  0.956709 -0.975451  4.809698   1.00000000e-06  -9.75451000e-01   4.90392500e+00   1.00000000e-06  -1.91341600e+00   4.61939500e+00
panel t  0.956709  0.975452  4.809698   1.00000000e-06   9.75452000e-01   4.90392500e+00   1.00000000e-06   0.00000000e+00   4.99999900e+00
panel t  0.811059  2.777851  4.077464   1.00000000e-06   2.77785100e+00   4.15734500e+00   1.00000000e-06   1.91341700e+00   4.61939500e+00
panel t  0.689749  3.535534  3.467598  0.541933  4.157348  2.724475   2.00000000e-06   4.15734800e+00   2.77785100e+00
panel t  0.190303 -4.903926  0.956708  0.373291 -4.619398  1.876651   2.00000000e-06  -4.61939800e+00   1.91341700e+00
panel t  0.373291  4.619398  1.876652  0.190303  4.903926  0.956709   1.00000000e-06   4.90392600e+00   9.75452000e-01
panel t  0.689749 -3.535534  3.467598   1.00000000e-06  -3.53553400e+00   3.53553200e+00   2.00000000e-06  -4.15734800e+00   2.77785000e+00
panel t  0.811059 -2.777851  4.077464  0.9012   -1.913416  4.530635   1.00000000e-06  -1.91341600e+00   4.61939500e+00
panel t   1.00000000e-06  -9.75451000e-01   4.90392500e+00   1.00000000e-06   0.00000000e+00   4.99999900e+00 -0.97545   0.        4.903925
panel t   1.00000000e-06   9.75452000e-01   4.90392500e+00   1.00000000e-06   1.91341700e+00   4.61939500e+00 -0.901198  1.913417  4.530634
panel t   1.00000000e-06   3.53553400e+00   3.53553200e+00 -0.689747  3.535534  3.467598 -0.811057  2.777851  4.077463
panel t   2.00000000e-06   4.61939800e+00   1.91341800e+00 -0.373288  4.619398  1.876652 -0.54193   4.157348  2.724475
panel t   2.00000000e-06  -4.61939800e+00   1.91341700e+00   2.00000000e-06  -4.15734800e+00   2.77785000e+00 -0.54193  -4.157348  2.724475
panel t   1.00000000e-06  -2.77785100e+00   4.15734500e+00 -0.811057 -2.777851  4.077463 -0.689747 -3.535534  3.467598
panel t   1.00000000e-06  -9.75451000e-01   4.90392500e+00 -0.956708 -0.975451  4.809697 -0.901198 -1.913416  4.530634
panel t   1.00000000e-06   9.75452000e-01   4.90392500e+00 -0.956708  0.975452  4.809697 -0.97545   0.        4.903925
panel t   1.00000000e-06   2.77785100e+00   4.15734500e+00 -0.811057  2.777851  4.077463 -0.901198  1.913417  4.530634
panel t   1.00000000e-06   3.53553400e+00   3.53553200e+00   2.00000000e-06   4.15734800e+00   2.77785100e+00 -0.54193   4.157348  2.724475
panel t   1.00000000e-06  -4.90392600e+00   9.75451000e-01   2.00000000e-06  -4.61939800e+00   1.91341700e+00 -0.373287 -4.619398  1.876651
panel t   1.00000000e-06   4.90392600e+00   9.75452000e-01 -0.1903    4.903926  0.956709 -0.373288  4.619398  1.876652
panel t   1.00000000e-06  -3.53553400e+00   3.53553200e+00 -0.689747 -3.535534  3.467598 -0.54193  -4.157348  2.724475
panel t   1.00000000e-06  -2.77785100e+00   4.15734500e+00   1.00000000e-06  -1.91341600e+00   4.61939500e+00 -0.901198 -1.913416  4.530634
panel t -0.956708 -0.975451  4.809697 -0.97545   0.        4.903925 -1.913415  0.        4.619396
panel t -0.901198  1.913417  4.530634 -1.767765  1.913417  4.267763 -1.87665   0.975452  4.530634
panel t -0.811057  2.777851  4.077463 -0.689747  3.535534  3.467598 -1.352988  3.535534  3.266406
panel t -0.373288  4.619398  1.876652 -0.732232  4.619398  1.767767 -1.063036  4.157348  2.566399
panel t -0.54193  -4.157348  2.724475 -1.063036 -4.157348  2.566399 -0.732231 -4.619398  1.767767
panel t -0.811057 -2.777851  4.077463 -1.590946 -2.777851  3.840886 -1.352988 -3.535534  3.266406
panel t -0.956708 -0.975451  4.809697 -1.87665  -0.975451  4.530634 -1.767765 -1.913416  4.267763
panel t -0.956708  0.975452  4.809697 -1.87665   0.975452  4.530634 -1.913415  0.        4.619396
panel t -0.811057  2.777851  4.077463 -1.590946  2.777851  3.840886 -1.767765  1.913417  4.267763
panel t -0.689747  3.535534  3.467598 -0.54193   4.157348  2.724475 -1.063036  4.157348  2.566399
panel t -0.1903   -4.903926  0.956708 -0.373287 -4.619398  1.876651 -0.732231 -4.619398  1.767767
panel t -0.1903    4.903926  0.956709 -0.373288  4.903926  0.9012   -0.732232  4.619398  1.767767
panel t -0.689747 -3.535534  3.467598 -1.352988 -3.535534  3.266406 -1.063036 -4.157348  2.566399
panel t -0.811057 -2.777851  4.077463 -0.901198 -1.913416  4.530634 -1.767765 -1.913416  4.267763
panel t -1.87665  -0.975451  4.530634 -1.913415  0.        4.619396 -2.777849  0.        4.157346
panel t -1.87665   0.975452  4.530634 -1.767765  1.913417  4.267763 -2.566397  1.913417  3.840885
panel t -1.352988  3.535534  3.266406 -1.964235  3.535534  2.939687 -2.309696  2.777851  3.456705
panel t -0.732232  4.619398  1.767767 -1.063036  4.619398  1.590948 -1.543289  4.157348  2.309698
panel t -1.063036 -4.157348  2.566399 -1.543289 -4.157348  2.309698 -1.063036 -4.619398  1.590948
panel t -1.590946 -2.777851  3.840886 -2.309696 -2.777851  3.456705 -1.964235 -3.535534  2.939687
panel t -1.87665  -0.975451  4.530634 -2.724474 -0.975451  4.077463 -2.566397 -1.913416  3.840885
panel t -1.87665   0.975452  4.530634 -2.724474  0.975452  4.077463 -2.777849  0.        4.157346
panel t -1.590946  2.777851  3.840886 -2.309696  2.777851  3.456705 -2.566397  1.913417  3.840885
panel t -1.352988  3.535534  3.266406 -1.063036  4.157348  2.566399 -1.543289  4.157348  2.309698
panel t -0.373288 -4.903926  0.901199 -0.732231 -4.619398  1.767767 -1.063036 -4.619398  1.590948
panel t -0.373288  4.903926  0.9012   -0.541931  4.903926  0.811059 -1.063036  4.619398  1.590948
panel t -1.352988 -3.535534  3.266406 -1.964235 -3.535534  2.939687 -1.543289 -4.157348  2.309698
panel t -1.590946 -2.777851  3.840886 -1.767765 -1.913416  4.267763 -2.566397 -1.913416  3.840885
panel t -2.724474 -0.975451  4.077463 -2.777849  0.        4.157346 -3.535531  0.        3.535532
panel t -2.724474  0.975452  4.077463 -2.566397  1.913417  3.840885 -3.266404  1.913417  3.266404
panel t -2.309696  2.777851  3.456705 -1.964235  3.535534  2.939687 -2.499998  3.535534  2.499998
panel t -1.063036  4.619398  1.590948 -1.352989  4.619398  1.35299  -1.964235  4.157348  1.964237
panel t -1.063036 -4.619398  1.590948 -1.543289 -4.157348  2.309698 -1.964235 -4.157348  1.964237
panel t -2.309696 -2.777851  3.456705 -2.939686 -2.777851  2.939686 -2.499998 -3.535534  2.499998
panel t -2.724474 -0.975451  4.077463 -3.467597 -0.975451  3.467597 -3.266404 -1.913416  3.266404
panel t -2.724474  0.975452  4.077463 -3.467597  0.975452  3.467597 -3.535531  0.        3.535532
panel t -2.309696  2.777851  3.456705 -2.939686  2.777851  2.939686 -3.266404  1.913417  3.266404
panel t -1.964235  3.535534  2.939687 -1.543289  4.157348  2.309698 -1.964235  4.157348  1.964237
panel t -1.063036 -4.619398  1.590948 -1.352988 -4.619398  1.35299  -0.689747 -4.903926  0.689748
panel t -0.541931  4.903926  0.811059 -0.689747  4.903926  0.689749 -1.352989  4.619398  1.35299 
panel t -1.964235 -3.535534  2.939687 -2.499998 -3.535534  2.499998 -1.964235 -4.157348  1.964237
panel t -2.566397 -1.913416  3.840885 -3.266404 -1.913416  3.266404 -2.939686 -2.777851  2.939686
panel t -3.467597 -0.975451  3.467597 -3.535531  0.        3.535532 -4.157345  0.        2.77785 
panel t -3.467597  0.975452  3.467597 -3.266404  1.913417  3.266404 -3.840884  1.913417  2.566396
panel t -2.939686  2.777851  2.939686 -2.499998  3.535534  2.499998 -2.939686  3.535534  1.964236
panel t -1.352989  4.619398  1.35299  -1.590947  4.619398  1.063037 -2.309697  4.157348  1.543291
panel t -1.352988 -4.619398  1.35299  -1.964235 -4.157348  1.964237 -2.309697 -4.157348  1.543291
panel t -2.499998 -3.535534  2.499998 -2.939686 -2.777851  2.939686 -3.456705 -2.777851  2.309696
panel t -3.467597 -0.975451  3.467597 -4.077463 -0.975451  2.724473 -3.840884 -1.913416  2.566396
panel t -3.467597  0.975452  3.467597 -4.077463  0.975452  2.724473 -4.157345  0.        2.77785 
panel t -2.939686  2.777851  2.939686 -3.456705  2.777851  2.309696 -3.840884  1.913417  2.566396
panel t -2.499998  3.535534  2.499998 -1.964235  4.157348  1.964237 -2.309697  4.157348  1.543291
panel t -0.689747 -4.903926  0.689748 -1.352988 -4.619398  1.35299  -1.590946 -4.619398  1.063037
panel t -0.689747  4.903926  0.689749 -0.811057  4.903926  0.541932 -1.590947  4.619398  1.063037
panel t -2.499998 -3.535534  2.499998 -2.939686 -3.535534  1.964236 -2.309697 -4.157348  1.543291
panel t -2.939686 -2.777851  2.939686 -3.266404 -1.913416  3.266404 -3.840884 -1.913416  2.566396
panel t -4.077463 -0.975451  2.724473 -4.157345  0.        2.77785  -4.619395  0.        1.913416
panel t -4.077463  0.975452  2.724473 -3.840884  1.913417  2.566396 -4.267762  1.913417  1.767764
panel t -3.456705  2.777851  2.309696 -2.939686  3.535534  1.964236 -3.266404  3.535534  1.352989
panel t -1.590947  4.619398  1.063037 -1.767765  4.619398  0.732233 -2.566398  4.157348  1.063037
panel t -2.309697 -4.157348  1.543291 -2.566398 -4.157348  1.063037 -1.767765 -4.619398  0.732232
panel t -3.456705 -2.777851  2.309696 -3.840884 -2.777851  1.590946 -3.266404 -3.535534  1.352989
panel t -4.077463 -0.975451  2.724473 -4.530633 -0.975451  1.876649 -4.267762 -1.913416  1.767764
panel t -4.077463  0.975452  2.724473 -4.530633  0.975452  1.876649 -4.619395  0.        1.913416
panel t -3.456705  2.777851  2.309696 -3.840884  2.777851  1.590946 -4.267762  1.913417  1.767764
panel t -2.939686  3.535534  1.964236 -2.309697  4.157348  1.543291 -2.566398  4.157348  1.063037
panel t -1.590946 -4.619398  1.063037 -1.767765 -4.619398  0.732232 -0.901198 -4.903926  0.373289
panel t -0.811057  4.903926  0.541932 -0.901199  4.903926  0.373289 -1.767765  4.619398  0.732233
panel t -2.939686 -3.535534  1.964236 -3.266404 -3.535534  1.352989 -2.566398 -4.157348  1.063037
panel t -3.840884 -1.913416  2.566396 -4.267762 -1.913416  1.767764 -3.840884 -2.777851  1.590946
panel t -4.530633 -0.975451  1.876649 -4.619395  0.        1.913416 -4.903924  0.        0.975451
panel t -4.530633  0.975452  1.876649 -4.267762  1.913417  1.767764 -4.530632  1.913417  0.901198
panel t -3.840884  2.777851  1.590946 -3.266404  3.535534  1.352989 -3.467596  3.535534  0.689747
panel t -1.767765  4.619398  0.732233 -1.87665   4.619398  0.373289 -2.724473  4.157348  0.541932
panel t -2.566398 -4.157348  1.063037 -2.724473 -4.157348  0.541931 -1.876649 -4.619398  0.373289
panel t -3.840884 -2.777851  1.590946 -4.077461 -2.777851  0.811056 -3.467596 -3.535534  0.689747
panel t -4.530633 -0.975451  1.876649 -4.809694 -0.975451  0.956706 -4.530632 -1.913416  0.901198
panel t -4.530633  0.975452  1.876649 -4.809694  0.975452  0.956706 -4.903924  0.        0.975451
panel t -3.840884  2.777851  1.590946 -4.077461  2.777851  0.811056 -4.530632  1.913417  0.901198
panel t -3.266404  3.535534  1.352989 -2.566398  4.157348  1.063037 -2.724473  4.157348  0.541932
panel t -1.767765 -4.619398  0.732232 -1.876649 -4.619398  0.373289 -0.956706 -4.903926  0.190301
panel t -0.901199  4.903926  0.373289 -0.956707  4.903926  0.190301 -1.87665   4.619398  0.373289
panel t -3.266404 -3.535534  1.352989 -3.467596 -3.535534  0.689747 -2.724473 -4.157348  0.541931
panel t -3.840884 -2.777851  1.590946 -4.267762 -1.913416  1.767764 -4.530632 -1.913416  0.901198
panel t -0.975452  4.903926  0.         1.00000000e-06   5.00000000e+00   2.00000000e-06 -0.956708  4.903926 -0.190301
panel t   2.00000000e-06  -5.00000000e+00   0.00000000e+00 -0.97545  -4.903926  0.       -0.956707 -4.903926 -0.190301
panel t   2.00000000e-06  -5.00000000e+00   0.00000000e+00 -0.956707 -4.903926 -0.190301 -0.901198 -4.903926 -0.373289
panel t -0.956708  4.903926 -0.190301   1.00000000e-06   5.00000000e+00   2.00000000e-06 -0.9012    4.903926 -0.37329 
panel t   2.00000000e-06  -5.00000000e+00   0.00000000e+00 -0.901198 -4.903926 -0.373289 -0.811057 -4.903926 -0.541932
panel t -0.9012    4.903926 -0.37329    1.00000000e-06   5.00000000e+00   2.00000000e-06 -0.811058  4.903926 -0.541933
panel t   2.00000000e-06  -5.00000000e+00   0.00000000e+00 -0.811057 -4.903926 -0.541932 -0.689747 -4.903926 -0.689749
panel t -0.811058  4.903926 -0.541933   1.00000000e-06   5.00000000e+00   2.00000000e-06 -0.689748  4.903926 -0.689749
panel t   2.00000000e-06  -5.00000000e+00   0.00000000e+00 -0.689747 -4.903926 -0.689749 -0.54193  -4.903926 -0.811059
panel t -0.689748  4.903926 -0.689749   1.00000000e-06   5.00000000e+00   2.00000000e-06 -0.541931  4.903926 -0.811059
panel t   2.00000000e-06  -5.00000000e+00   0.00000000e+00 -0.54193  -4.903926 -0.811059 -0.373288 -4.903926 -0.9012  
panel t -0.541931  4.903926 -0.811059   1.00000000e-06   5.00000000e+00   2.00000000e-06 -0.373288  4.903926 -0.901201
panel t   2.00000000e-06  -5.00000000e+00   0.00000000e+00 -0.373288 -4.903926 -0.9012   -0.1903   -4.903926 -0.956709
panel t -0.373288  4.903926 -0.901201   1.00000000e-06   5.00000000e+00   2.00000000e-06 -0.1903    4.903926 -0.95671 
panel t   2.00000000e-06  -5.00000000e+00   0.00000000e+00 -0.1903   -4.903926 -0.956709   2.00000000e-06  -4.90392600e+00  -9.75452000e-01
panel t -0.1903    4.903926 -0.95671    1.00000000e-06   5.00000000e+00   2.00000000e-06   2.00000000e-06   4.90392600e+00  -9.75453000e-01
panel t   2.00000000e-06  -5.00000000e+00   0.00000000e+00   2.00000000e-06  -4.90392600e+00  -9.75452000e-01  0.190303 -4.903926 -0.956709
panel t   2.00000000e-06   4.90392600e+00  -9.75453000e-01   1.00000000e-06   5.00000000e+00   2.00000000e-06  0.190303  4.903926 -0.95671 
panel t   2.00000000e-06  -5.00000000e+00   0.00000000e+00  0.190303 -4.903926 -0.956709  0.373291 -4.903926 -0.9012  
panel t  0.190303  4.903926 -0.95671    1.00000000e-06   5.00000000e+00   2.00000000e-06  0.373291  4.903926 -0.901201
panel t   2.00000000e-06  -5.00000000e+00   0.00000000e+00  0.373291 -4.903926 -0.9012    0.541933 -4.903926 -0.811058
panel t  0.373291  4.903926 -0.901201   1.00000000e-06   5.00000000e+00   2.00000000e-06  0.541934  4.903926 -0.811059
panel t   2.00000000e-06  -5.00000000e+00   0.00000000e+00  0.541933 -4.903926 -0.811058  0.68975  -4.903926 -0.689748
panel t  0.541934  4.903926 -0.811059   1.00000000e-06   5.00000000e+00   2.00000000e-06  0.689751  4.903926 -0.689749
panel t   2.00000000e-06  -5.00000000e+00   0.00000000e+00  0.68975  -4.903926 -0.689748  0.81106  -4.903926 -0.541932
panel t  0.689751  4.903926 -0.689749   1.00000000e-06   5.00000000e+00   2.00000000e-06  0.811061  4.903926 -0.541932
panel t   2.00000000e-06  -5.00000000e+00   0.00000000e+00  0.81106  -4.903926 -0.541932  0.901201 -4.903926 -0.373289
panel t  0.811061  4.903926 -0.541932   1.00000000e-06   5.00000000e+00   2.00000000e-06  0.901202  4.903926 -0.373289
panel t   2.00000000e-06  -5.00000000e+00   0.00000000e+00  0.901201 -4.903926 -0.373289  0.95671  -4.903926 -0.190301
panel t  0.901202  4.903926 -0.373289   1.00000000e-06   5.00000000e+00   2.00000000e-06  0.956711  4.903926 -0.190301
panel t   2.00000000e-06  -5.00000000e+00   0.00000000e+00  0.95671  -4.903926 -0.190301  0.975453 -4.903926  0.      
panel t  0.956711  4.903926 -0.190301   1.00000000e-06   5.00000000e+00   2.00000000e-06  0.975454  4.903926  0.      
panel t   2.00000000e-06  -5.00000000e+00   0.00000000e+00  0.975453 -4.903926  0.        0.95671  -4.903926  0.190301
panel t  0.975454  4.903926  0.         1.00000000e-06   5.00000000e+00   2.00000000e-06  0.956711  4.903926  0.190302
panel t   2.00000000e-06  -5.00000000e+00   0.00000000e+00  0.95671  -4.903926  0.190301  0.901201 -4.903926  0.373289
panel t  0.956711  4.903926  0.190302   1.00000000e-06   5.00000000e+00   2.00000000e-06  0.901202  4.903926  0.37329 
panel t   2.00000000e-06  -5.00000000e+00   0.00000000e+00  0.901201 -4.903926  0.373289  0.81106  -4.903926  0.541932
panel t  0.901202  4.903926  0.37329    1.00000000e-06   5.00000000e+00   2.00000000e-06  0.811061  4.903926  0.541933
panel t   2.00000000e-06  -5.00000000e+00   0.00000000e+00  0.81106  -4.903926  0.541932  0.68975  -4.903926  0.689748
panel t  0.811061  4.903926  0.541933   1.00000000e-06   5.00000000e+00   2.00000000e-06  0.68975   4.903926  0.689749
panel t   2.00000000e-06  -5.00000000e+00   0.00000000e+00  0.68975  -4.903926  0.689748  0.541933 -4.903926  0.811058
panel t  0.68975   4.903926  0.689749   1.00000000e-06   5.00000000e+00   2.00000000e-06  0.541934  4.903926  0.811059
panel t   2.00000000e-06  -5.00000000e+00   0.00000000e+00  0.541933 -4.903926  0.811058  0.373291 -4.903926  0.9012  
panel t  0.541934  4.903926  0.811059   1.00000000e-06   5.00000000e+00   2.00000000e-06  0.373291  4.903926  0.901201
panel t   2.00000000e-06  -5.00000000e+00   0.00000000e+00  0.373291 -4.903926  0.9012    0.190303 -4.903926  0.956708
panel t  0.373291  4.903926  0.901201   1.00000000e-06   5.00000000e+00   2.00000000e-06  0.190303  4.903926  0.956709
panel t   2.00000000e-06  -5.00000000e+00   0.00000000e+00  0.190303 -4.903926  0.956708   1.00000000e-06  -4.90392600e+00   9.75451000e-01
panel t  0.190303  4.903926  0.956709   1.00000000e-06   5.00000000e+00   2.00000000e-06   1.00000000e-06   4.90392600e+00   9.75452000e-01
panel t   2.00000000e-06  -5.00000000e+00   0.00000000e+00   1.00000000e-06  -4.90392600e+00   9.75451000e-01 -0.1903   -4.903926  0.956708
panel t   1.00000000e-06   4.90392600e+00   9.75452000e-01   1.00000000e-06   5.00000000e+00   2.00000000e-06 -0.1903    4.903926  0.956709
panel t   2.00000000e-06  -5.00000000e+00   0.00000000e+00 -0.1903   -4.903926  0.956708 -0.373288 -4.903926  0.901199
panel t -0.1903    4.903926  0.956709   1.00000000e-06   5.00000000e+00   2.00000000e-06 -0.373288  4.903926  0.9012  
panel t   2.00000000e-06  -5.00000000e+00   0.00000000e+00 -0.373288 -4.903926  0.901199 -0.54193  -4.903926  0.811058
panel t -0.373288  4.903926  0.9012     1.00000000e-06   5.00000000e+00   2.00000000e-06 -0.541931  4.903926  0.811059
panel t   2.00000000e-06  -5.00000000e+00   0.00000000e+00 -0.54193  -4.903926  0.811058 -0.689747 -4.903926  0.689748
panel t -0.541931  4.903926  0.811059   1.00000000e-06   5.00000000e+00   2.00000000e-06 -0.689747  4.903926  0.689749
panel t   2.00000000e-06  -5.00000000e+00   0.00000000e+00 -0.689747 -4.903926  0.689748 -0.811056 -4.903926  0.541932
panel t -0.689747  4.903926  0.689749   1.00000000e-06   5.00000000e+00   2.00000000e-06 -0.811057  4.903926  0.541932
panel t   2.00000000e-06  -5.00000000e+00   0.00000000e+00 -0.811056 -4.903926  0.541932 -0.901198 -4.903926  0.373289
panel t -0.811057  4.903926  0.541932   1.00000000e-06   5.00000000e+00   2.00000000e-06 -0.901199  4.903926  0.373289
panel t   2.00000000e-06  -5.00000000e+00   0.00000000e+00 -0.901198 -4.903926  0.373289 -0.956706 -4.903926  0.190301
panel t -0.901199  4.903926  0.373289   1.00000000e-06   5.00000000e+00   2.00000000e-06 -0.956707  4.903926  0.190301
panel t -4.903924  0.        0.975451 -5.  0.  0. -4.903926 -0.975451  0.      
panel t -4.809694  0.975452  0.956706 -4.530632  1.913417  0.901198 -4.619398  1.913417  0.      
panel t -4.077461  2.777851  0.811056 -3.467596  3.535534  0.689747 -3.535534  3.535534  0.      
panel t   2.00000000e-06  -5.00000000e+00   0.00000000e+00 -0.956706 -4.903926  0.190301 -0.97545  -4.903926  0.      
panel t -2.724473  4.157348  0.541932 -1.87665   4.619398  0.373289 -1.913417  4.619398  0.      
panel t -2.724473 -4.157348  0.541931 -2.777851 -4.157348  0.       -1.913416 -4.619398  0.      
panel t -0.956707  4.903926  0.190301   1.00000000e-06   5.00000000e+00   2.00000000e-06 -0.975452  4.903926  0.      
panel t -4.077461 -2.777851  0.811056 -4.157348 -2.777851  0.       -3.535534 -3.535534  0.      
panel t -4.809694 -0.975451  0.956706 -4.903926 -0.975451  0.       -4.619398 -1.913416  0.      
panel t -4.809694  0.975452  0.956706 -4.903926  0.975452  0.       -5.  0.  0.
panel t -4.530632  1.913417  0.901198 -4.077461  2.777851  0.811056 -4.157348  2.777851  0.      
panel t -3.467596  3.535534  0.689747 -2.724473  4.157348  0.541932 -2.777851  4.157348  0.      
panel t -1.876649 -4.619398  0.373289 -1.913416 -4.619398  0.       -0.97545  -4.903926  0.      
panel t -1.87665   4.619398  0.373289 -0.956707  4.903926  0.190301 -0.975452  4.903926  0.      
panel t -3.467596 -3.535534  0.689747 -3.535534 -3.535534  0.       -2.777851 -4.157348  0.      
panel t -4.530632 -1.913416  0.901198 -4.619398 -1.913416  0.       -4.157348 -2.777851  0.      
panel t -2.777851  4.157348  0.       -1.913417  4.619398  0.       -2.724475  4.157348 -0.541932
panel t -1.876651 -4.619398 -0.373289 -1.913416 -4.619398  0.       -2.724475 -4.157348 -0.541932
panel t -3.535534 -3.535534  0.       -4.157348 -2.777851  0.       -3.467599 -3.535534 -0.689749
panel t -4.619398 -1.913416  0.       -4.903926 -0.975451  0.       -4.530637 -1.913416 -0.9012  
panel t -5.  0.  0. -4.903926  0.975452  0.       -4.903926  0.       -0.975452
panel t -4.619398  1.913417  0.       -4.157348  2.777851  0.       -4.530637  1.913417 -0.9012  
panel t -3.535534  3.535534  0.       -2.777851  4.157348  0.       -3.4676    3.535534 -0.689749
panel t -0.956707 -4.903926 -0.190301 -0.97545  -4.903926  0.       -1.876651 -4.619398 -0.373289
panel t -1.913417  4.619398  0.       -0.975452  4.903926  0.       -1.876652  4.619398 -0.37329 
panel t -2.777851 -4.157348  0.       -3.535534 -3.535534  0.       -2.724475 -4.157348 -0.541932
panel t -4.157348 -2.777851  0.       -4.619398 -1.913416  0.       -4.077466 -2.777851 -0.811059
panel t -4.903926 -0.975451  0.       -5.  0.  0. -4.809699 -0.975451 -0.956709
panel t -4.809699  0.975452 -0.956709 -4.903926  0.975452  0.       -4.530637  1.913417 -0.9012  
panel t -4.157348  2.777851  0.       -3.535534  3.535534  0.       -4.077466  2.777851 -0.811059
panel t -4.809699 -0.975451 -0.956709 -4.903926  0.       -0.975452 -4.530637 -0.975451 -1.876652
panel t -4.530637  0.975452 -1.876652 -4.809699  0.975452 -0.956709 -4.267766  1.913417 -1.767768
panel t -4.077466  2.777851 -0.811059 -3.4676    3.535534 -0.689749 -3.840889  2.777851 -1.590949
panel t -2.724475  4.157348 -0.541932 -1.876652  4.619398 -0.37329  -2.5664    4.157348 -1.063038
panel t -1.876651 -4.619398 -0.373289 -2.724475 -4.157348 -0.541932 -1.767766 -4.619398 -0.732233
panel t -3.467599 -3.535534 -0.689749 -4.077466 -2.777851 -0.811059 -3.266407 -3.535534 -1.352991
panel t -4.267766 -1.913416 -1.767768 -4.530637 -1.913416 -0.9012   -4.530637 -0.975451 -1.876652
panel t -4.903926  0.       -0.975452 -4.809699  0.975452 -0.956709 -4.619397  0.       -1.913418
panel t -4.530637  1.913417 -0.9012   -4.077466  2.777851 -0.811059 -4.267766  1.913417 -1.767768
panel t -3.266407  3.535534 -1.352991 -3.4676    3.535534 -0.689749 -2.5664    4.157348 -1.063038
panel t -0.901198 -4.903926 -0.373289 -0.956707 -4.903926 -0.190301 -1.767766 -4.619398 -0.732233
panel t -1.876652  4.619398 -0.37329  -0.956708  4.903926 -0.190301 -1.767767  4.619398 -0.732234
panel t -2.724475 -4.157348 -0.541932 -3.467599 -3.535534 -0.689749 -2.566399 -4.157348 -1.063038
panel t -3.840889 -2.777851 -1.590949 -4.077466 -2.777851 -0.811059 -4.267766 -1.913416 -1.767768
panel t -4.530637 -0.975451 -1.876652 -4.619397  0.       -1.913418 -4.077465 -0.975451 -2.724476
panel t -4.077465  0.975452 -2.724476 -4.530637  0.975452 -1.876652 -3.840888  1.913417 -2.566401
panel t -3.840889  2.777851 -1.590949 -3.266407  3.535534 -1.352991 -3.456708  2.777851 -2.3097  
panel t -2.5664    4.157348 -1.063038 -1.767767  4.619398 -0.732234 -2.309698  4.157348 -1.543292
panel t -1.767766 -4.619398 -0.732233 -2.566399 -4.157348 -1.063038 -1.590947 -4.619398 -1.063038
panel t -2.939688 -3.535534 -1.964238 -3.266407 -3.535534 -1.352991 -3.456708 -2.777851 -2.3097  
panel t -4.267766 -1.913416 -1.767768 -4.530637 -0.975451 -1.876652 -3.840888 -1.913416 -2.566401
panel t -4.619397  0.       -1.913418 -4.530637  0.975452 -1.876652 -4.157348  0.       -2.777852
panel t -3.840888  1.913417 -2.566401 -4.267766  1.913417 -1.767768 -3.456708  2.777851 -2.3097  
panel t -3.266407  3.535534 -1.352991 -2.5664    4.157348 -1.063038 -2.939688  3.535534 -1.964238
panel t -0.811057 -4.903926 -0.541932 -0.901198 -4.903926 -0.373289 -1.590947 -4.619398 -1.063038
panel t -1.767767  4.619398 -0.732234 -0.9012    4.903926 -0.37329  -1.590948  4.619398 -1.063039
panel t -2.566399 -4.157348 -1.063038 -3.266407 -3.535534 -1.352991 -2.309698 -4.157348 -1.543292
panel t -3.840889 -2.777851 -1.590949 -4.267766 -1.913416 -1.767768 -3.456708 -2.777851 -2.3097  
panel t -3.467599 -0.975451 -3.467601 -4.077465 -0.975451 -2.724476 -3.535533  0.       -3.535535
panel t -4.077465  0.975452 -2.724476 -3.840888  1.913417 -2.566401 -3.467599  0.975452 -3.467601
panel t -3.456708  2.777851 -2.3097   -2.939688  3.535534 -1.964238 -2.939688  2.777851 -2.93969 
panel t -2.309698  4.157348 -1.543292 -1.590948  4.619398 -1.063039 -1.964237  4.157348 -1.964238
panel t -1.352989 -4.619398 -1.352991 -1.590947 -4.619398 -1.063038 -1.964236 -4.157348 -1.964238
panel t -2.499999 -3.535534 -2.500001 -2.939688 -3.535534 -1.964238 -2.939688 -2.777851 -2.93969 
panel t -3.266406 -1.913416 -3.266408 -3.840888 -1.913416 -2.566401 -3.467599 -0.975451 -3.467601
panel t -4.157348  0.       -2.777852 -4.077465  0.975452 -2.724476 -3.535533  0.       -3.535535
panel t -3.840888  1.913417 -2.566401 -3.456708  2.777851 -2.3097   -3.266406  1.913417 -3.266408
panel t -2.939688  3.535534 -1.964238 -2.309698  4.157348 -1.543292 -2.499999  3.535534 -2.500001
panel t -0.689747 -4.903926 -0.689749 -0.811057 -4.903926 -0.541932 -1.352989 -4.619398 -1.352991
panel t -1.590948  4.619398 -1.063039 -0.811058  4.903926 -0.541933 -1.35299   4.619398 -1.352991
panel t -2.309698 -4.157348 -1.543292 -2.939688 -3.535534 -1.964238 -1.964236 -4.157348 -1.964238
panel t -2.939688 -2.777851 -2.93969  -3.456708 -2.777851 -2.3097   -3.266406 -1.913416 -3.266408
panel t -3.467599 -0.975451 -3.467601 -3.535533  0.       -3.535535 -2.724474 -0.975451 -4.077467
panel t -3.467599  0.975452 -3.467601 -3.266406  1.913417 -3.266408 -2.724474  0.975452 -4.077467
panel t -2.939688  2.777851 -2.93969  -2.499999  3.535534 -2.500001 -2.309698  2.777851 -3.456709
panel t -1.964237  4.157348 -1.964238 -1.35299   4.619398 -1.352991 -1.543291  4.157348 -2.3097  
panel t -1.352989 -4.619398 -1.352991 -1.964236 -4.157348 -1.964238 -1.063036 -4.619398 -1.590949
panel t -1.964236 -3.535534 -2.93969  -2.499999 -3.535534 -2.500001 -2.309698 -2.777851 -3.456709
panel t -3.266406 -1.913416 -3.266408 -3.467599 -0.975451 -3.467601 -2.566399 -1.913416 -3.840889
panel t -3.535533  0.       -3.535535 -3.467599  0.975452 -3.467601 -2.77785   0.       -4.157349
panel t -3.266406  1.913417 -3.266408 -2.939688  2.777851 -2.93969  -2.566399  1.913417 -3.840889
panel t -2.499999  3.535534 -2.500001 -1.964237  4.157348 -1.964238 -1.964236  3.535534 -2.93969 
panel t -0.689747 -4.903926 -0.689749 -1.352989 -4.619398 -1.352991 -0.54193  -4.903926 -0.811059
panel t -1.35299   4.619398 -1.352991 -0.689748  4.903926 -0.689749 -1.063037  4.619398 -1.59095 
panel t -1.964236 -4.157348 -1.964238 -2.499999 -3.535534 -2.500001 -1.54329  -4.157348 -2.3097  
panel t -2.309698 -2.777851 -3.456709 -2.939688 -2.777851 -2.93969  -2.566399 -1.913416 -3.840889
panel t -2.724474 -0.975451 -4.077467 -2.77785   0.       -4.157349 -1.87665  -0.975451 -4.530639
panel t -1.87665   0.975452 -4.530639 -2.724474  0.975452 -4.077467 -1.767766  1.913417 -4.267767
panel t -2.309698  2.777851 -3.456709 -1.964236  3.535534 -2.93969  -1.590947  2.777851 -3.840889
panel t -1.543291  4.157348 -2.3097   -1.063037  4.619398 -1.59095  -1.063037  4.157348 -2.566401
panel t -0.732232 -4.619398 -1.767768 -1.063036 -4.619398 -1.590949 -1.063036 -4.157348 -2.566401
panel t -1.352989 -3.535534 -3.266408 -1.964236 -3.535534 -2.93969  -1.590947 -2.777851 -3.840889
panel t -2.566399 -1.913416 -3.840889 -2.724474 -0.975451 -4.077467 -1.767766 -1.913416 -4.267767
panel t -2.77785   0.       -4.157349 -2.724474  0.975452 -4.077467 -1.913416  0.       -4.619399
panel t -2.566399  1.913417 -3.840889 -2.309698  2.777851 -3.456709 -1.767766  1.913417 -4.267767
panel t -1.964236  3.535534 -2.93969  -1.543291  4.157348 -2.3097   -1.352989  3.535534 -3.266408
panel t -0.373288 -4.903926 -0.9012   -0.54193  -4.903926 -0.811059 -0.732232 -4.619398 -1.767768
panel t -1.063037  4.619398 -1.59095  -0.541931  4.903926 -0.811059 -0.732232  4.619398 -1.767769
panel t -1.063036 -4.157348 -2.566401 -1.54329  -4.157348 -2.3097   -1.352989 -3.535534 -3.266408
panel t -1.590947 -2.777851 -3.840889 -2.309698 -2.777851 -3.456709 -1.767766 -1.913416 -4.267767
panel t -1.87665  -0.975451 -4.530639 -1.913416  0.       -4.619399 -0.956707 -0.975451 -4.8097  
panel t -0.956707  0.975452 -4.8097   -1.87665   0.975452 -4.530639 -0.901198  1.913417 -4.530638
panel t -1.590947  2.777851 -3.840889 -1.352989  3.535534 -3.266408 -0.811057  2.777851 -4.077466
panel t -1.063037  4.157348 -2.566401 -0.732232  4.619398 -1.767769 -0.541931  4.157348 -2.724476
panel t -0.373288 -4.619398 -1.876652 -0.732232 -4.619398 -1.767768 -0.54193  -4.157348 -2.724476
panel t -1.352989 -3.535534 -3.266408 -1.590947 -2.777851 -3.840889 -0.689747 -3.535534 -3.4676  
panel t -1.767766 -1.913416 -4.267767 -1.87665  -0.975451 -4.530639 -0.901198 -1.913416 -4.530638
panel t -1.913416  0.       -4.619399 -1.87665   0.975452 -4.530639 -0.97545   0.       -4.903928
panel t -1.767766  1.913417 -4.267767 -1.590947  2.777851 -3.840889 -0.901198  1.913417 -4.530638
panel t -1.352989  3.535534 -3.266408 -1.063037  4.157348 -2.566401 -0.689747  3.535534 -3.4676  
panel t -0.1903   -4.903926 -0.956709 -0.373288 -4.903926 -0.9012   -0.373288 -4.619398 -1.876652
panel t -0.732232  4.619398 -1.767769 -0.373288  4.903926 -0.901201 -0.373288  4.619398 -1.876653
panel t -1.063036 -4.157348 -2.566401 -1.352989 -3.535534 -3.266408 -0.54193  -4.157348 -2.724476
panel t -0.811057 -2.777851 -4.077466 -1.590947 -2.777851 -3.840889 -0.901198 -1.913416 -4.530638
panel t -0.956707 -0.975451 -4.8097   -0.97545   0.       -4.903928   2.00000000e-06  -9.75451000e-01  -4.90392800e+00
panel t   2.00000000e-06   9.75452000e-01  -4.90392800e+00 -0.956707  0.975452 -4.8097     1.00000000e-06   1.91341700e+00  -4.61939800e+00
panel t   2.00000000e-06   2.77785100e+00  -4.15734900e+00 -0.811057  2.777851 -4.077466   2.00000000e-06   3.53553400e+00  -3.53553400e+00
panel t -0.541931  4.157348 -2.724476 -0.373288  4.619398 -1.876653   1.00000000e-06   4.15734800e+00  -2.77785200e+00
panel t   2.00000000e-06  -4.61939800e+00  -1.91341800e+00 -0.373288 -4.619398 -1.876652   2.00000000e-06  -4.15734800e+00  -2.77785200e+00
panel t -0.689747 -3.535534 -3.4676   -0.811057 -2.777851 -4.077466   2.00000000e-06  -3.53553400e+00  -3.53553400e+00
panel t -0.901198 -1.913416 -4.530638 -0.956707 -0.975451 -4.8097     1.00000000e-06  -1.91341600e+00  -4.61939800e+00
panel t -0.97545   0.       -4.903928 -0.956707  0.975452 -4.8097     2.00000000e-06   0.00000000e+00  -5.00000100e+00
panel t -0.901198  1.913417 -4.530638 -0.811057  2.777851 -4.077466   1.00000000e-06   1.91341700e+00  -4.61939800e+00
panel t   2.00000000e-06   3.53553400e+00  -3.53553400e+00 -0.689747  3.535534 -3.4676     1.00000000e-06   4.15734800e+00  -2.77785200e+00
panel t   2.00000000e-06  -4.90392600e+00  -9.75452000e-01 -0.1903   -4.903926 -0.956709   2.00000000e-06  -4.61939800e+00  -1.91341800e+00
panel t -0.373288  4.619398 -1.876653 -0.1903    4.903926 -0.95671    2.00000000e-06   4.61939800e+00  -1.91341900e+00
panel t   2.00000000e-06  -4.15734800e+00  -2.77785200e+00 -0.54193  -4.157348 -2.724476   2.00000000e-06  -3.53553400e+00  -3.53553400e+00
panel t   2.00000000e-06  -2.77785100e+00  -4.15734900e+00 -0.811057 -2.777851 -4.077466   1.00000000e-06  -1.91341600e+00  -4.61939800e+00
panel t  0.956711 -0.975451 -4.8097     2.00000000e-06  -9.75451000e-01  -4.90392800e+00  0.975454  0.       -4.903928
panel t  0.956711  0.975452 -4.8097     2.00000000e-06   9.75452000e-01  -4.90392800e+00  0.901201  1.913417 -4.530638
panel t   2.00000000e-06   2.77785100e+00  -4.15734900e+00   2.00000000e-06   3.53553400e+00  -3.53553400e+00  0.81106   2.777851 -4.077466
panel t   1.00000000e-06   4.15734800e+00  -2.77785200e+00   2.00000000e-06   4.61939800e+00  -1.91341900e+00  0.541934  4.157348 -2.724476
panel t  0.373291 -4.619398 -1.876652   2.00000000e-06  -4.61939800e+00  -1.91341800e+00  0.541934 -4.157348 -2.724476
panel t  0.68975  -3.535534 -3.4676     2.00000000e-06  -3.53553400e+00  -3.53553400e+00  0.81106  -2.777851 -4.077466
panel t   1.00000000e-06  -1.91341600e+00  -4.61939800e+00   2.00000000e-06  -9.75451000e-01  -4.90392800e+00  0.901201 -1.913416 -4.530638
panel t   2.00000000e-06   0.00000000e+00  -5.00000100e+00   2.00000000e-06   9.75452000e-01  -4.90392800e+00  0.975454  0.       -4.903928
panel t   1.00000000e-06   1.91341700e+00  -4.61939800e+00   2.00000000e-06   2.77785100e+00  -4.15734900e+00  0.901201  1.913417 -4.530638
panel t  0.68975   3.535534 -3.4676     2.00000000e-06   3.53553400e+00  -3.53553400e+00  0.541934  4.157348 -2.724476
panel t  0.190303 -4.903926 -0.956709   2.00000000e-06  -4.90392600e+00  -9.75452000e-01  0.373291 -4.619398 -1.876652
panel t   2.00000000e-06   4.61939800e+00  -1.91341900e+00   2.00000000e-06   4.90392600e+00  -9.75453000e-01  0.373291  4.619398 -1.876653
panel t   2.00000000e-06  -4.15734800e+00  -2.77785200e+00   2.00000000e-06  -3.53553400e+00  -3.53553400e+00  0.541934 -4.157348 -2.724476
panel t  0.81106  -2.777851 -4.077466   2.00000000e-06  -2.77785100e+00  -4.15734900e+00  0.901201 -1.913416 -4.530638
panel t  1.876654 -0.975451 -4.530638  0.956711 -0.975451 -4.8097    1.913419  0.       -4.619399
panel t  1.876654  0.975452 -4.530638  0.956711  0.975452 -4.8097    1.767769  1.913417 -4.267767
panel t  0.81106   2.777851 -4.077466  0.68975   3.535534 -3.4676    1.59095   2.777851 -3.840889
panel t  1.063039  4.157348 -2.566401  0.541934  4.157348 -2.724476  0.732235  4.619398 -1.767768
panel t  0.373291 -4.619398 -1.876652  0.541934 -4.157348 -2.724476  0.732235 -4.619398 -1.767768
panel t  1.352992 -3.535534 -3.266407  0.68975  -3.535534 -3.4676    1.59095  -2.777851 -3.840889
panel t  0.901201 -1.913416 -4.530638  0.956711 -0.975451 -4.8097    1.767769 -1.913416 -4.267767
panel t  0.975454  0.       -4.903928  0.956711  0.975452 -4.8097    1.913419  0.       -4.619399
panel t  0.901201  1.913417 -4.530638  0.81106   2.777851 -4.077466  1.767769  1.913417 -4.267767
panel t  0.68975   3.535534 -3.4676    0.541934  4.157348 -2.724476  1.352992  3.535534 -3.266407
panel t  0.190303 -4.903926 -0.956709  0.373291 -4.619398 -1.876652  0.373291 -4.903926 -0.9012  
panel t  0.373291  4.619398 -1.876653  0.190303  4.903926 -0.95671   0.732235  4.619398 -1.767768
panel t  1.06304  -4.157348 -2.5664    0.541934 -4.157348 -2.724476  1.352992 -3.535534 -3.266407
panel t  1.59095  -2.777851 -3.840889  0.81106  -2.777851 -4.077466  1.767769 -1.913416 -4.267767
panel t  2.724478 -0.975451 -4.077466  1.876654 -0.975451 -4.530638  2.777853  0.       -4.15735 
panel t  2.724478  0.975452 -4.077466  1.876654  0.975452 -4.530638  2.566401  1.913417 -3.840889
panel t  1.59095   2.777851 -3.840889  1.352992  3.535534 -3.266407  2.3097    2.777851 -3.456708
panel t  1.063039  4.157348 -2.566401  0.732235  4.619398 -1.767768  1.543293  4.157348 -2.309699
panel t  1.06304  -4.619398 -1.590949  0.732235 -4.619398 -1.767768  1.543293 -4.157348 -2.309699
panel t  1.964239 -3.535534 -2.939689  1.352992 -3.535534 -3.266407  2.3097   -2.777851 -3.456708
panel t  1.767769 -1.913416 -4.267767  1.876654 -0.975451 -4.530638  2.566401 -1.913416 -3.840889
panel t  1.913419  0.       -4.619399  1.876654  0.975452 -4.530638  2.777853  0.       -4.15735 
panel t  1.767769  1.913417 -4.267767  1.59095   2.777851 -3.840889  2.566401  1.913417 -3.840889
panel t  1.352992  3.535534 -3.266407  1.063039  4.157348 -2.566401  1.964239  3.535534 -2.939689
panel t  0.373291 -4.903926 -0.9012    0.732235 -4.619398 -1.767768  0.541933 -4.903926 -0.811058
panel t  0.732235  4.619398 -1.767768  0.373291  4.903926 -0.901201  1.06304   4.619398 -1.590949
panel t  1.543293 -4.157348 -2.309699  1.06304  -4.157348 -2.5664    1.964239 -3.535534 -2.939689
panel t  2.3097   -2.777851 -3.456708  1.59095  -2.777851 -3.840889  2.566401 -1.913416 -3.840889
panel t  3.467602 -0.975451 -3.4676    2.724478 -0.975451 -4.077466  3.535537  0.       -3.535535
panel t  3.467602  0.975452 -3.4676    2.724478  0.975452 -4.077466  3.266409  1.913417 -3.266407
panel t  2.3097    2.777851 -3.456708  1.964239  3.535534 -2.939689  2.93969   2.777851 -2.939688
panel t  1.543293  4.157348 -2.309699  1.06304   4.619398 -1.590949  1.964239  4.157348 -1.964238
panel t  1.352993 -4.619398 -1.352991  1.06304  -4.619398 -1.590949  1.964239 -4.157348 -1.964238
panel t  2.500001 -3.535534 -2.5       1.964239 -3.535534 -2.939689  2.93969  -2.777851 -2.939688
panel t  2.566401 -1.913416 -3.840889  2.724478 -0.975451 -4.077466  3.266409 -1.913416 -3.266407
panel t  2.777853  0.       -4.15735   2.724478  0.975452 -4.077466  3.535537  0.       -3.535535
panel t  2.566401  1.913417 -3.840889  2.3097    2.777851 -3.456708  3.266409  1.913417 -3.266407
panel t  2.500001  3.535534 -2.5       1.964239  3.535534 -2.939689  1.964239  4.157348 -1.964238
panel t  0.68975  -4.903926 -0.689748  0.541933 -4.903926 -0.811058  1.352993 -4.619398 -1.352991
panel t  1.06304   4.619398 -1.590949  0.541934  4.903926 -0.811059  1.352993  4.619398 -1.352991
panel t  1.964239 -4.157348 -1.964238  1.543293 -4.157348 -2.309699  2.500001 -3.535534 -2.5     
panel t  2.93969  -2.777851 -2.939688  2.3097   -2.777851 -3.456708  3.266409 -1.913416 -3.266407
panel t  4.077468 -0.975451 -2.724475  3.467602 -0.975451 -3.4676    4.157351  0.       -2.777852
panel t  4.077468  0.975452 -2.724475  3.467602  0.975452 -3.4676    3.84089   1.913417 -2.5664  
panel t  2.93969   2.777851 -2.939688  2.500001  3.535534 -2.5       3.45671   2.777851 -2.309698
panel t  1.964239  4.157348 -1.964238  1.352993  4.619398 -1.352991  2.309701  4.157348 -1.543292
panel t  1.59095  -4.619398 -1.063038  1.352993 -4.619398 -1.352991  2.3097   -4.157348 -1.543291
panel t  2.500001 -3.535534 -2.5       2.93969  -2.777851 -2.939688  2.93969  -3.535534 -1.964237
panel t  3.266409 -1.913416 -3.266407  3.467602 -0.975451 -3.4676    3.84089  -1.913416 -2.5664  
panel t  3.535537  0.       -3.535535  3.467602  0.975452 -3.4676    4.157351  0.       -2.777852
panel t  3.266409  1.913417 -3.266407  2.93969   2.777851 -2.939688  3.84089   1.913417 -2.5664  
panel t  2.93969   3.535534 -1.964237  2.500001  3.535534 -2.5       2.309701  4.157348 -1.543292
panel t  0.81106  -4.903926 -0.541932  0.68975  -4.903926 -0.689748  1.59095  -4.619398 -1.063038
panel t  1.352993  4.619398 -1.352991  0.689751  4.903926 -0.689749  1.590951  4.619398 -1.063038
panel t  1.964239 -4.157348 -1.964238  2.500001 -3.535534 -2.5       2.3097   -4.157348 -1.543291
panel t  3.45671  -2.777851 -2.309698  2.93969  -2.777851 -2.939688  3.84089  -1.913416 -2.5664  
panel t  4.53064  -0.975451 -1.876651  4.077468 -0.975451 -2.724475  4.6194    0.       -1.913417
panel t  4.53064   0.975452 -1.876651  4.077468  0.975452 -2.724475  4.267768  1.913417 -1.767767
panel t  3.45671   2.777851 -2.309698  2.93969   3.535534 -1.964237  3.840889  2.777851 -1.590948
panel t  2.309701  4.157348 -1.543292  1.590951  4.619398 -1.063038  2.566401  4.157348 -1.063038
panel t  1.59095  -4.619398 -1.063038  2.3097   -4.157348 -1.543291  1.767769 -4.619398 -0.732233
panel t  3.266408 -3.535534 -1.35299   2.93969  -3.535534 -1.964237  3.840889 -2.777851 -1.590948
panel t  3.84089  -1.913416 -2.5664    4.077468 -0.975451 -2.724475  4.267768 -1.913416 -1.767767
panel t  4.157351  0.       -2.777852  4.077468  0.975452 -2.724475  4.6194    0.       -1.913417
panel t  3.84089   1.913417 -2.5664    3.45671   2.777851 -2.309698  4.267768  1.913417 -1.767767
panel t  3.266408  3.535534 -1.35299   2.93969   3.535534 -1.964237  2.566401  4.157348 -1.063038
panel t  0.81106  -4.903926 -0.541932  1.59095  -4.619398 -1.063038  0.901201 -4.903926 -0.373289
panel t  1.590951  4.619398 -1.063038  0.811061  4.903926 -0.541932  1.76777   4.619398 -0.732233
panel t  2.566401 -4.157348 -1.063038  2.3097   -4.157348 -1.543291  3.266408 -3.535534 -1.35299 
panel t  3.840889 -2.777851 -1.590948  3.45671  -2.777851 -2.309698  4.267768 -1.913416 -1.767767
panel t  4.809701 -0.975451 -0.956708  4.53064  -0.975451 -1.876651  4.903929  0.       -0.975452
panel t  4.809701  0.975452 -0.956708  4.53064   0.975452 -1.876651  4.530638  1.913417 -0.9012  
panel t  3.840889  2.777851 -1.590948  3.266408  3.535534 -1.35299   4.077466  2.777851 -0.811058
panel t  2.566401  4.157348 -1.063038  1.76777   4.619398 -0.732233  2.724477  4.157348 -0.541932
panel t  1.767769 -4.619398 -0.732233  2.566401 -4.157348 -1.063038  1.876654 -4.619398 -0.373289
panel t  3.4676   -3.535534 -0.689748  3.266408 -3.535534 -1.35299   4.077466 -2.777851 -0.811058
panel t  4.267768 -1.913416 -1.767767  4.53064  -0.975451 -1.876651  4.530638 -1.913416 -0.9012  
panel t  4.6194    0.       -1.913417  4.53064   0.975452 -1.876651  4.903929  0.       -0.975452
panel t  4.267768  1.913417 -1.767767  3.840889  2.777851 -1.590948  4.530638  1.913417 -0.9012  
panel t  3.4676    3.535534 -0.689748  3.266408  3.535534 -1.35299   2.724477  4.157348 -0.541932
panel t  0.95671  -4.903926 -0.190301  0.901201 -4.903926 -0.373289  1.876654 -4.619398 -0.373289
panel t  1.76777   4.619398 -0.732233  0.901202  4.903926 -0.373289  1.876654  4.619398 -0.373289
panel t  2.566401 -4.157348 -1.063038  3.266408 -3.535534 -1.35299   2.724477 -4.157348 -0.541932
panel t  4.077466 -2.777851 -0.811058  3.840889 -2.777851 -1.590948  4.530638 -1.913416 -0.9012  
panel t   4.90392800e+00  -9.75451000e-01   1.00000000e-06  4.809701 -0.975451 -0.956708  5.000002  0.        0.      
panel t   4.90392800e+00   9.75452000e-01   1.00000000e-06  4.809701  0.975452 -0.956708  4.619398  1.913417  0.      
panel t  4.077466  2.777851 -0.811058  3.4676    3.535534 -0.689748  4.157348  2.777851  0.      
panel t  2.724477  4.157348 -0.541932  1.876654  4.619398 -0.373289  2.777853  4.157348 -0.      
panel t  1.913419 -4.619398 -0.        1.876654 -4.619398 -0.373289  2.777853 -4.157348 -0.      
panel t  3.535534 -3.535534  0.        3.4676   -3.535534 -0.689748  4.157348 -2.777851  0.      
panel t  4.530638 -1.913416 -0.9012    4.809701 -0.975451 -0.956708  4.619398 -1.913416  0.      
panel t  4.903929  0.       -0.975452  4.809701  0.975452 -0.956708  5.000002  0.        0.      
panel t  4.530638  1.913417 -0.9012    4.077466  2.777851 -0.811058  4.619398  1.913417  0.      
panel t  3.535534  3.535534  0.        3.4676    3.535534 -0.689748  2.777853  4.157348 -0.      
panel t  0.975453 -4.903926  0.        0.95671  -4.903926 -0.190301  1.913419 -4.619398 -0.      
panel t  1.876654  4.619398 -0.373289  0.956711  4.903926 -0.190301  1.91342   4.619398  0.      
panel t  2.724477 -4.157348 -0.541932  3.4676   -3.535534 -0.689748  2.777853 -4.157348 -0.      
panel t  4.077466 -2.777851 -0.811058  4.530638 -1.913416 -0.9012    4.157348 -2.777851  0.      
panel t  4.8097   -0.975451  0.95671    4.90392800e+00  -9.75451000e-01   1.00000000e-06  4.903928  0.        0.975452
panel t  4.8097    0.975452  0.95671    4.90392800e+00   9.75452000e-01   1.00000000e-06  4.530637  1.913417  0.9012  
panel t  4.157348  2.777851  0.        3.535534  3.535534  0.        4.077466  2.777851  0.811058
panel t  2.777853  4.157348 -0.        1.91342   4.619398  0.        2.724477  4.157348  0.541932
panel t  1.913419 -4.619398 -0.        2.777853 -4.157348 -0.        1.876653 -4.619398  0.373289
panel t  3.4676   -3.535534  0.689749  3.535534 -3.535534  0.        4.077466 -2.777851  0.811058
panel t  4.619398 -1.913416  0.         4.90392800e+00  -9.75451000e-01   1.00000000e-06  4.530637 -1.913416  0.9012  
panel t  5.000002  0.        0.         4.90392800e+00   9.75452000e-01   1.00000000e-06  4.903928  0.        0.975452
panel t  4.619398  1.913417  0.        4.157348  2.777851  0.        4.530637  1.913417  0.9012  
panel t  3.535534  3.535534  0.        2.777853  4.157348 -0.        3.4676    3.535534  0.689749
panel t  0.95671  -4.903926  0.190301  0.975453 -4.903926  0.        1.876653 -4.619398  0.373289
panel t  1.91342   4.619398  0.        0.975454  4.903926  0.        1.876654  4.619398  0.37329 
panel t  2.777853 -4.157348 -0.        3.535534 -3.535534  0.        2.724477 -4.157348  0.541932
panel t  4.077466 -2.777851  0.811058  4.157348 -2.777851  0.        4.530637 -1.913416  0.9012  
panel t  4.530639 -0.975451  1.876652  4.8097   -0.975451  0.95671   4.619399  0.        1.913417
panel t  4.530639  0.975452  1.876652  4.8097    0.975452  0.95671   4.267767  1.913417  1.767766
panel t  4.077466  2.777851  0.811058  3.4676    3.535534  0.689749  3.840889  2.777851  1.590948
panel t  2.724477  4.157348  0.541932  1.876654  4.619398  0.37329   2.566401  4.157348  1.063037
panel t  1.876653 -4.619398  0.373289  2.724477 -4.157348  0.541932  1.767769 -4.619398  0.732233
panel t  3.266407 -3.535534  1.35299   3.4676   -3.535534  0.689749  3.840889 -2.777851  1.590948
panel t  4.530637 -1.913416  0.9012    4.8097   -0.975451  0.95671   4.267767 -1.913416  1.767766
panel t  4.903928  0.        0.975452  4.8097    0.975452  0.95671   4.619399  0.        1.913417
panel t  4.530637  1.913417  0.9012    4.077466  2.777851  0.811058  4.267767  1.913417  1.767766
panel t  3.266407  3.535534  1.35299   3.4676    3.535534  0.689749  2.566401  4.157348  1.063037
panel t  0.95671  -4.903926  0.190301  1.876653 -4.619398  0.373289  0.901201 -4.903926  0.373289
panel t  1.767769  4.619398  0.732234  1.876654  4.619398  0.37329   0.901202  4.903926  0.37329 
panel t  2.724477 -4.157348  0.541932  3.4676   -3.535534  0.689749  2.566401 -4.157348  1.063037
panel t  4.077466 -2.777851  0.811058  4.530637 -1.913416  0.9012    3.840889 -2.777851  1.590948
panel t  4.077467 -0.975451  2.724477  4.530639 -0.975451  1.876652  4.15735   0.        2.777851
panel t  4.077467  0.975452  2.724477  4.530639  0.975452  1.876652  3.840889  1.913417  2.566399
panel t  3.840889  2.777851  1.590948  3.266407  3.535534  1.35299   3.456708  2.777851  2.309698
panel t  2.566401  4.157348  1.063037  1.767769  4.619398  0.732234  2.3097    4.157348  1.543291
panel t  1.59095  -4.619398  1.063038  1.767769 -4.619398  0.732233  2.3097   -4.157348  1.543291
panel t  2.939689 -3.535534  1.964237  3.266407 -3.535534  1.35299   3.456708 -2.777851  2.309698
panel t  4.267767 -1.913416  1.767766  4.530639 -0.975451  1.876652  3.840889 -1.913416  2.566399
panel t  4.619399  0.        1.913417  4.530639  0.975452  1.876652  4.15735   0.        2.777851
panel t  4.267767  1.913417  1.767766  3.840889  2.777851  1.590948  3.840889  1.913417  2.566399
panel t  2.939689  3.535534  1.964237  3.266407  3.535534  1.35299   2.3097    4.157348  1.543291
panel t  0.81106  -4.903926  0.541932  0.901201 -4.903926  0.373289  1.59095  -4.619398  1.063038
panel t  1.767769  4.619398  0.732234  0.901202  4.903926  0.37329   1.59095   4.619398  1.063038
panel t  2.566401 -4.157348  1.063037  3.266407 -3.535534  1.35299   2.3097   -4.157348  1.543291
panel t  3.840889 -2.777851  1.590948  4.267767 -1.913416  1.767766  3.456708 -2.777851  2.309698
panel t  3.467601 -0.975451  3.467601  4.077467 -0.975451  2.724477  3.535535  0.        3.535534
panel t  3.467601  0.975452  3.467601  4.077467  0.975452  2.724477  3.266407  1.913417  3.266406
panel t  3.456708  2.777851  2.309698  2.939689  3.535534  1.964237  2.939689  2.777851  2.939688
panel t  2.3097    4.157348  1.543291  1.59095   4.619398  1.063038  1.964239  4.157348  1.964237
panel t  1.352992 -4.619398  1.35299   1.59095  -4.619398  1.063038  1.964239 -4.157348  1.964237
panel t  2.5      -3.535534  2.499999  2.939689 -3.535534  1.964237  2.939689 -2.777851  2.939688
panel t  3.840889 -1.913416  2.566399  4.077467 -0.975451  2.724477  3.266407 -1.913416  3.266406
panel t  4.15735   0.        2.777851  4.077467  0.975452  2.724477  3.535535  0.        3.535534
panel t  3.840889  1.913417  2.566399  3.456708  2.777851  2.309698  3.266407  1.913417  3.266406
panel t  2.5       3.535534  2.499999  2.939689  3.535534  1.964237  1.964239  4.157348  1.964237
panel t  0.68975  -4.903926  0.689748  0.81106  -4.903926  0.541932  1.352992 -4.619398  1.35299 
panel t  1.59095   4.619398  1.063038  0.811061  4.903926  0.541933  1.352992  4.619398  1.352991
panel t  2.3097   -4.157348  1.543291  2.939689 -3.535534  1.964237  1.964239 -4.157348  1.964237
panel t  2.939689 -2.777851  2.939688  3.456708 -2.777851  2.309698  3.266407 -1.913416  3.266406
panel t  2.724476 -0.975451  4.077466  3.467601 -0.975451  3.467601  2.777852  0.        4.157348
panel t  2.724476  0.975452  4.077466  3.467601  0.975452  3.467601  2.5664    1.913417  3.840887
panel t  2.939689  2.777851  2.939688  2.5       3.535534  2.499999  2.309699  2.777851  3.456707
panel t  1.964239  4.157348  1.964237  1.352992  4.619398  1.352991  1.543293  4.157348  2.309698
panel t  1.063039 -4.619398  1.590948  1.352992 -4.619398  1.35299   1.543293 -4.157348  2.309698
panel t  2.5      -3.535534  2.499999  2.939689 -2.777851  2.939688  1.964238 -3.535534  2.939688
panel t  3.266407 -1.913416  3.266406  3.467601 -0.975451  3.467601  2.5664   -1.913416  3.840887
panel t  3.535535  0.        3.535534  3.467601  0.975452  3.467601  2.777852  0.        4.157348
panel t  3.266407  1.913417  3.266406  2.939689  2.777851  2.939688  2.5664    1.913417  3.840887
panel t  1.964238  3.535534  2.939688  2.5       3.535534  2.499999  1.543293  4.157348  2.309698
panel t  0.541933 -4.903926  0.811058  0.68975  -4.903926  0.689748  1.063039 -4.619398  1.590948
panel t  1.352992  4.619398  1.352991  0.68975   4.903926  0.689749  1.06304   4.619398  1.590949
panel t  1.964239 -4.157348  1.964237  2.5      -3.535534  2.499999  1.543293 -4.157348  2.309698
panel t  2.309699 -2.777851  3.456707  2.939689 -2.777851  2.939688  2.5664   -1.913416  3.840887
panel t  1.876652 -0.975451  4.530637  2.724476 -0.975451  4.077466  1.913418  0.        4.619397
panel t  1.876652  0.975452  4.530637  2.724476  0.975452  4.077466  1.767767  1.913417  4.267765
panel t  2.309699  2.777851  3.456707  1.964238  3.535534  2.939688  1.590948  2.777851  3.840887
panel t  1.543293  4.157348  2.309698  1.06304   4.619398  1.590949  1.063039  4.157348  2.566399
panel t  0.732235 -4.619398  1.767767  1.063039 -4.619398  1.590948  1.063039 -4.157348  2.566399
panel t  1.964238 -3.535534  2.939688  2.309699 -2.777851  3.456707  1.352991 -3.535534  3.266406
panel t  2.5664   -1.913416  3.840887  2.724476 -0.975451  4.077466  1.767767 -1.913416  4.267765
panel t  2.777852  0.        4.157348  2.724476  0.975452  4.077466  1.913418  0.        4.619397
panel t  2.5664    1.913417  3.840887  2.309699  2.777851  3.456707  1.767767  1.913417  4.267765
panel t  1.352991  3.535534  3.266406  1.964238  3.535534  2.939688  1.063039  4.157348  2.566399
panel t  0.373291 -4.903926  0.9012    0.541933 -4.903926  0.811058  0.732235 -4.619398  1.767767
panel t  1.06304   4.619398  1.590949  0.541934  4.903926  0.811059  0.732235  4.619398  1.767768
panel t  1.543293 -4.157348  2.309698  1.964238 -3.535534  2.939688  1.063039 -4.157348  2.566399
panel t  1.590948 -2.777851  3.840887  2.309699 -2.777851  3.456707  1.767767 -1.913416  4.267765
panel t  0.956709 -0.975451  4.809698  1.876652 -0.975451  4.530637  0.975453  0.        4.903925
panel t  0.956709  0.975452  4.809698  1.876652  0.975452  4.530637  0.9012    1.913417  4.530635
panel t  0.811059  2.777851  4.077464  1.590948  2.777851  3.840887  0.689749  3.535534  3.467598
panel t  1.063039  4.157348  2.566399  0.732235  4.619398  1.767768  0.541933  4.157348  2.724475
panel t  0.732235 -4.619398  1.767767  1.063039 -4.157348  2.566399  0.373291 -4.619398  1.876651
panel t  1.352991 -3.535534  3.266406  1.590948 -2.777851  3.840887  0.689749 -3.535534  3.467598
panel t  1.767767 -1.913416  4.267765  1.876652 -0.975451  4.530637  0.9012   -1.913416  4.530635
panel t  1.913418  0.        4.619397  1.876652  0.975452  4.530637  0.975453  0.        4.903925
panel t  1.767767  1.913417  4.267765  1.590948  2.777851  3.840887  0.9012    1.913417  4.530635
panel t  0.689749  3.535534  3.467598  1.352991  3.535534  3.266406  0.541933  4.157348  2.724475
panel t  0.373291 -4.903926  0.9012    0.732235 -4.619398  1.767767  0.190303 -4.903926  0.956708
panel t  0.732235  4.619398  1.767768  0.373291  4.903926  0.901201  0.373291  4.619398  1.876652
panel t  1.063039 -4.157348  2.566399  1.352991 -3.535534  3.266406  0.541933 -4.157348  2.724475
panel t  0.811059 -2.777851  4.077464  1.590948 -2.777851  3.840887  0.9012   -1.913416  4.530635
panel t   1.00000000e-06  -9.75451000e-01   4.90392500e+00  0.956709 -0.975451  4.809698   1.00000000e-06   0.00000000e+00   4.99999900e+00
panel t   1.00000000e-06   9.75452000e-01   4.90392500e+00  0.956709  0.975452  4.809698   1.00000000e-06   1.91341700e+00   4.61939500e+00
panel t  0.811059  2.777851  4.077464  0.689749  3.535534  3.467598   1.00000000e-06   2.77785100e+00   4.15734500e+00
panel t   2.00000000e-06   4.15734800e+00   2.77785100e+00  0.541933  4.157348  2.724475   2.00000000e-06   4.61939800e+00   1.91341800e+00
panel t  0.373291 -4.619398  1.876651  0.541933 -4.157348  2.724475   2.00000000e-06  -4.61939800e+00   1.91341700e+00
panel t  0.689749 -3.535534  3.467598  0.811059 -2.777851  4.077464   1.00000000e-06  -3.53553400e+00   3.53553200e+00
panel t  0.9012   -1.913416  4.530635  0.956709 -0.975451  4.809698   1.00000000e-06  -1.91341600e+00   4.61939500e+00
panel t  0.975453  0.        4.903925  0.956709  0.975452  4.809698   1.00000000e-06   0.00000000e+00   4.99999900e+00
panel t  0.9012    1.913417  4.530635  0.811059  2.777851  4.077464   1.00000000e-06   1.91341700e+00   4.61939500e+00
panel t   1.00000000e-06   3.53553400e+00   3.53553200e+00  0.689749  3.535534  3.467598   2.00000000e-06   4.15734800e+00   2.77785100e+00
panel t   1.00000000e-06  -4.90392600e+00   9.75451000e-01  0.190303 -4.903926  0.956708   2.00000000e-06  -4.61939800e+00   1.91341700e+00
panel t   2.00000000e-06   4.61939800e+00   1.91341800e+00  0.373291  4.619398  1.876652   1.00000000e-06   4.90392600e+00   9.75452000e-01
panel t  0.541933 -4.157348  2.724475  0.689749 -3.535534  3.467598   2.00000000e-06  -4.15734800e+00   2.77785000e+00
panel t   1.00000000e-06  -2.77785100e+00   4.15734500e+00  0.811059 -2.777851  4.077464   1.00000000e-06  -1.91341600e+00   4.61939500e+00
panel t -0.956708 -0.975451  4.809697   1.00000000e-06  -9.75451000e-01   4.90392500e+00 -0.97545   0.        4.903925
panel t -0.956708  0.975452  4.809697   1.00000000e-06   9.75452000e-01   4.90392500e+00 -0.901198  1.913417  4.530634
panel t   1.00000000e-06   2.77785100e+00   4.15734500e+00   1.00000000e-06   3.53553400e+00   3.53553200e+00 -0.811057  2.777851  4.077463
panel t   2.00000000e-06   4.15734800e+00   2.77785100e+00   2.00000000e-06   4.61939800e+00   1.91341800e+00 -0.54193   4.157348  2.724475
panel t -0.373287 -4.619398  1.876651   2.00000000e-06  -4.61939800e+00   1.91341700e+00 -0.54193  -4.157348  2.724475
panel t   1.00000000e-06  -3.53553400e+00   3.53553200e+00   1.00000000e-06  -2.77785100e+00   4.15734500e+00 -0.689747 -3.535534  3.467598
panel t   1.00000000e-06  -1.91341600e+00   4.61939500e+00   1.00000000e-06  -9.75451000e-01   4.90392500e+00 -0.901198 -1.913416  4.530634
panel t   1.00000000e-06   0.00000000e+00   4.99999900e+00   1.00000000e-06   9.75452000e-01   4.90392500e+00 -0.97545   0.        4.903925
panel t   1.00000000e-06   1.91341700e+00   4.61939500e+00   1.00000000e-06   2.77785100e+00   4.15734500e+00 -0.901198  1.913417  4.530634
panel t -0.689747  3.535534  3.467598   1.00000000e-06   3.53553400e+00   3.53553200e+00 -0.54193   4.157348  2.724475
panel t -0.1903   -4.903926  0.956708   1.00000000e-06  -4.90392600e+00   9.75451000e-01 -0.373287 -4.619398  1.876651
panel t   2.00000000e-06   4.61939800e+00   1.91341800e+00   1.00000000e-06   4.90392600e+00   9.75452000e-01 -0.373288  4.619398  1.876652
panel t   2.00000000e-06  -4.15734800e+00   2.77785000e+00   1.00000000e-06  -3.53553400e+00   3.53553200e+00 -0.54193  -4.157348  2.724475
panel t -0.811057 -2.777851  4.077463   1.00000000e-06  -2.77785100e+00   4.15734500e+00 -0.901198 -1.913416  4.530634
panel t -1.87665  -0.975451  4.530634 -0.956708 -0.975451  4.809697 -1.913415  0.        4.619396
panel t -0.956708  0.975452  4.809697 -0.901198  1.913417  4.530634 -1.87665   0.975452  4.530634
panel t -1.590946  2.777851  3.840886 -0.811057  2.777851  4.077463 -1.352988  3.535534  3.266406
panel t -0.54193   4.157348  2.724475 -0.373288  4.619398  1.876652 -1.063036  4.157348  2.566399
panel t -0.373287 -4.619398  1.876651 -0.54193  -4.157348  2.724475 -0.732231 -4.619398  1.767767
panel t -0.689747 -3.535534  3.467598 -0.811057 -2.777851  4.077463 -1.352988 -3.535534  3.266406
panel t -0.901198 -1.913416  4.530634 -0.956708 -0.975451  4.809697 -1.767765 -1.913416  4.267763
panel t -0.97545   0.        4.903925 -0.956708  0.975452  4.809697 -1.913415  0.        4.619396
panel t -0.901198  1.913417  4.530634 -0.811057  2.777851  4.077463 -1.767765  1.913417  4.267763
panel t -1.352988  3.535534  3.266406 -0.689747  3.535534  3.467598 -1.063036  4.157348  2.566399
panel t -0.373288 -4.903926  0.901199 -0.1903   -4.903926  0.956708 -0.732231 -4.619398  1.767767
panel t -0.373288  4.619398  1.876652 -0.1903    4.903926  0.956709 -0.732232  4.619398  1.767767
panel t -0.54193  -4.157348  2.724475 -0.689747 -3.535534  3.467598 -1.063036 -4.157348  2.566399
panel t -1.590946 -2.777851  3.840886 -0.811057 -2.777851  4.077463 -1.767765 -1.913416  4.267763
panel t -2.724474 -0.975451  4.077463 -1.87665  -0.975451  4.530634 -2.777849  0.        4.157346
panel t -2.724474  0.975452  4.077463 -1.87665   0.975452  4.530634 -2.566397  1.913417  3.840885
panel t -1.590946  2.777851  3.840886 -1.352988  3.535534  3.266406 -2.309696  2.777851  3.456705
panel t -1.063036  4.157348  2.566399 -0.732232  4.619398  1.767767 -1.543289  4.157348  2.309698
panel t -0.732231 -4.619398  1.767767 -1.063036 -4.157348  2.566399 -1.063036 -4.619398  1.590948
panel t -1.352988 -3.535534  3.266406 -1.590946 -2.777851  3.840886 -1.964235 -3.535534  2.939687
panel t -1.767765 -1.913416  4.267763 -1.87665  -0.975451  4.530634 -2.566397 -1.913416  3.840885
panel t -1.913415  0.        4.619396 -1.87665   0.975452  4.530634 -2.777849  0.        4.157346
panel t -1.767765  1.913417  4.267763 -1.590946  2.777851  3.840886 -2.566397  1.913417  3.840885
panel t -1.964235  3.535534  2.939687 -1.352988  3.535534  3.266406 -1.543289  4.157348  2.309698
panel t -0.54193  -4.903926  0.811058 -0.373288 -4.903926  0.901199 -1.063036 -4.619398  1.590948
panel t -0.732232  4.619398  1.767767 -0.373288  4.903926  0.9012   -1.063036  4.619398  1.590948
panel t -1.063036 -4.157348  2.566399 -1.352988 -3.535534  3.266406 -1.543289 -4.157348  2.309698
panel t -2.309696 -2.777851  3.456705 -1.590946 -2.777851  3.840886 -2.566397 -1.913416  3.840885
panel t -3.467597 -0.975451  3.467597 -2.724474 -0.975451  4.077463 -3.535531  0.        3.535532
panel t -3.467597  0.975452  3.467597 -2.724474  0.975452  4.077463 -3.266404  1.913417  3.266404
panel t -2.939686  2.777851  2.939686 -2.309696  2.777851  3.456705 -2.499998  3.535534  2.499998
panel t -1.543289  4.157348  2.309698 -1.063036  4.619398  1.590948 -1.964235  4.157348  1.964237
panel t -1.352988 -4.619398  1.35299  -1.063036 -4.619398  1.590948 -1.964235 -4.157348  1.964237
panel t -1.964235 -3.535534  2.939687 -2.309696 -2.777851  3.456705 -2.499998 -3.535534  2.499998
panel t -2.566397 -1.913416  3.840885 -2.724474 -0.975451  4.077463 -3.266404 -1.913416  3.266404
panel t -2.777849  0.        4.157346 -2.724474  0.975452  4.077463 -3.535531  0.        3.535532
panel t -2.566397  1.913417  3.840885 -2.309696  2.777851  3.456705 -3.266404  1.913417  3.266404
panel t -2.499998  3.535534  2.499998 -1.964235  3.535534  2.939687 -1.964235  4.157348  1.964237
panel t -0.54193  -4.903926  0.811058 -1.063036 -4.619398  1.590948 -0.689747 -4.903926  0.689748
panel t -1.063036  4.619398  1.590948 -0.541931  4.903926  0.811059 -1.352989  4.619398  1.35299 
panel t -1.543289 -4.157348  2.309698 -1.964235 -3.535534  2.939687 -1.964235 -4.157348  1.964237
panel t -2.309696 -2.777851  3.456705 -2.566397 -1.913416  3.840885 -2.939686 -2.777851  2.939686
panel t -4.077463 -0.975451  2.724473 -3.467597 -0.975451  3.467597 -4.157345  0.        2.77785 
panel t -4.077463  0.975452  2.724473 -3.467597  0.975452  3.467597 -3.840884  1.913417  2.566396
panel t -3.456705  2.777851  2.309696 -2.939686  2.777851  2.939686 -2.939686  3.535534  1.964236
panel t -1.964235  4.157348  1.964237 -1.352989  4.619398  1.35299  -2.309697  4.157348  1.543291
panel t -1.590946 -4.619398  1.063037 -1.352988 -4.619398  1.35299  -2.309697 -4.157348  1.543291
panel t -2.939686 -3.535534  1.964236 -2.499998 -3.535534  2.499998 -3.456705 -2.777851  2.309696
panel t -3.266404 -1.913416  3.266404 -3.467597 -0.975451  3.467597 -3.840884 -1.913416  2.566396
panel t -3.535531  0.        3.535532 -3.467597  0.975452  3.467597 -4.157345  0.        2.77785 
panel t -3.266404  1.913417  3.266404 -2.939686  2.777851  2.939686 -3.840884  1.913417  2.566396
panel t -2.939686  3.535534  1.964236 -2.499998  3.535534  2.499998 -2.309697  4.157348  1.543291
panel t -0.811056 -4.903926  0.541932 -0.689747 -4.903926  0.689748 -1.590946 -4.619398  1.063037
panel t -1.352989  4.619398  1.35299  -0.689747  4.903926  0.689749 -1.590947  4.619398  1.063037
panel t -1.964235 -4.157348  1.964237 -2.499998 -3.535534  2.499998 -2.309697 -4.157348  1.543291
panel t -3.456705 -2.777851  2.309696 -2.939686 -2.777851  2.939686 -3.840884 -1.913416  2.566396
panel t -4.530633 -0.975451  1.876649 -4.077463 -0.975451  2.724473 -4.619395  0.        1.913416
panel t -4.530633  0.975452  1.876649 -4.077463  0.975452  2.724473 -4.267762  1.913417  1.767764
panel t -3.840884  2.777851  1.590946 -3.456705  2.777851  2.309696 -3.266404  3.535534  1.352989
panel t -2.309697  4.157348  1.543291 -1.590947  4.619398  1.063037 -2.566398  4.157348  1.063037
panel t -1.590946 -4.619398  1.063037 -2.309697 -4.157348  1.543291 -1.767765 -4.619398  0.732232
panel t -2.939686 -3.535534  1.964236 -3.456705 -2.777851  2.309696 -3.266404 -3.535534  1.352989
panel t -3.840884 -1.913416  2.566396 -4.077463 -0.975451  2.724473 -4.267762 -1.913416  1.767764
panel t -4.157345  0.        2.77785  -4.077463  0.975452  2.724473 -4.619395  0.        1.913416
panel t -3.840884  1.913417  2.566396 -3.456705  2.777851  2.309696 -4.267762  1.913417  1.767764
panel t -3.266404  3.535534  1.352989 -2.939686  3.535534  1.964236 -2.566398  4.157348  1.063037
panel t -0.811056 -4.903926  0.541932 -1.590946 -4.619398  1.063037 -0.901198 -4.903926  0.373289
panel t -1.590947  4.619398  1.063037 -0.811057  4.903926  0.541932 -1.767765  4.619398  0.732233
panel t -2.309697 -4.157348  1.543291 -2.939686 -3.535534  1.964236 -2.566398 -4.157348  1.063037
panel t -3.456705 -2.777851  2.309696 -3.840884 -1.913416  2.566396 -3.840884 -2.777851  1.590946
panel t -4.809694 -0.975451  0.956706 -4.530633 -0.975451  1.876649 -4.903924  0.        0.975451
panel t -4.809694  0.975452  0.956706 -4.530633  0.975452  1.876649 -4.530632  1.913417  0.901198
panel t -4.077461  2.777851  0.811056 -3.840884  2.777851  1.590946 -3.467596  3.535534  0.689747
panel t -2.566398  4.157348  1.063037 -1.767765  4.619398  0.732233 -2.724473  4.157348  0.541932
panel t -1.767765 -4.619398  0.732232 -2.566398 -4.157348  1.063037 -1.876649 -4.619398  0.373289
panel t -3.266404 -3.535534  1.352989 -3.840884 -2.777851  1.590946 -3.467596 -3.535534  0.689747
panel t -4.267762 -1.913416  1.767764 -4.530633 -0.975451  1.876649 -4.530632 -1.913416  0.901198
panel t -4.619395  0.        1.913416 -4.530633  0.975452  1.876649 -4.903924  0.        0.975451
panel t -4.267762  1.913417  1.767764 -3.840884  2.777851  1.590946 -4.530632  1.913417  0.901198
panel t -3.467596  3.535534  0.689747 -3.266404  3.535534  1.352989 -2.724473  4.157348  0.541932
panel t -0.901198 -4.903926  0.373289 -1.767765 -4.619398  0.732232 -0.956706 -4.903926  0.190301
panel t -1.767765  4.619398  0.732233 -0.901199  4.903926  0.373289 -1.87665   4.619398  0.373289
panel t -2.566398 -4.157348  1.063037 -3.266404 -3.535534  1.352989 -2.724473 -4.157348  0.541931
panel t -4.077461 -2.777851  0.811056 -3.840884 -2.777851  1.590946 -4.530632 -1.913416  0.901198
panel t -4.809694 -0.975451  0.956706 -4.903924  0.        0.975451 -4.903926 -0.975451  0.      
panel t -4.903926  0.975452  0.       -4.809694  0.975452  0.956706 -4.619398  1.913417  0.      
panel t -4.157348  2.777851  0.       -4.077461  2.777851  0.811056 -3.535534  3.535534  0.      
panel t -2.777851  4.157348  0.       -2.724473  4.157348  0.541932 -1.913417  4.619398  0.      
panel t -1.876649 -4.619398  0.373289 -2.724473 -4.157348  0.541931 -1.913416 -4.619398  0.      
panel t -3.467596 -3.535534  0.689747 -4.077461 -2.777851  0.811056 -3.535534 -3.535534  0.      
panel t -4.530632 -1.913416  0.901198 -4.809694 -0.975451  0.956706 -4.619398 -1.913416  0.      
panel t -4.903924  0.        0.975451 -4.809694  0.975452  0.956706 -5.  0.  0.
panel t -4.619398  1.913417  0.       -4.530632  1.913417  0.901198 -4.157348  2.777851  0.      
panel t -3.535534  3.535534  0.       -3.467596  3.535534  0.689747 -2.777851  4.157348  0.      
panel t -0.956706 -4.903926  0.190301 -1.876649 -4.619398  0.373289 -0.97545  -4.903926  0.      
panel t -1.913417  4.619398  0.       -1.87665   4.619398  0.373289 -0.975452  4.903926  0.      
panel t -2.724473 -4.157348  0.541931 -3.467596 -3.535534  0.689747 -2.777851 -4.157348  0.      
panel t -4.077461 -2.777851  0.811056 -4.530632 -1.913416  0.901198 -4.157348 -2.777851  0.      

end_file
