panel t -5.  0.  0. -4.903926  0.975452  0.       -4.530637  0.975452 -1.876652
panel t -3.535534  3.535534  0.       -2.777851  4.157348  0.       -2.5664    4.157348 -1.063038
panel t -3.535534 -3.535534  0.       -4.157348 -2.777851  0.       -3.840889 -2.777851 -1.590949
panel t -2.777851 -4.157348  0.       -3.535534 -3.535534  0.       -3.266407 -3.535534 -1.352991
panel t -5.  0.  0. -4.619397  0.       -1.913418 -4.530637 -0.975451 -1.876652
panel t -3.535534  3.535534  0.       -3.266407  3.535534 -1.352991 -3.840889  2.777851 -1.590949
panel t -1.913416 -4.619398  0.       -2.777851 -4.157348  0.       -2.566399 -4.157348 -1.063038
panel t -4.619398 -1.913416  0.       -4.903926 -0.975451  0.       -4.530637 -0.975451 -1.876652
panel t -4.157348  2.777851  0.       -3.840889  2.777851 -1.590949 -4.267766  1.913417 -1.767768
panel t -0.975452  4.903926  0.       -0.9012    4.903926 -0.37329  -1.767767  4.619398 -0.732234
panel t -1.913417  4.619398  0.       -1.767767  4.619398 -0.732234 -2.5664    4.157348 -1.063038
panel t -0.97545  -4.903926  0.       -1.913416 -4.619398  0.       -1.767766 -4.619398 -0.732233
panel t -4.619398 -1.913416  0.       -4.267766 -1.913416 -1.767768 -3.840889 -2.777851 -1.590949
panel t -4.619398  1.913417  0.       -4.267766  1.913417 -1.767768 -4.530637  0.975452 -1.876652
panel t -3.266407 -3.535534 -1.352991 -3.840889 -2.777851 -1.590949 -2.939688 -2.777851 -2.93969 
panel t -4.619397  0.       -1.913418 -4.530637  0.975452 -1.876652 -3.467599  0.975452 -3.467601
panel t -3.266407  3.535534 -1.352991 -2.5664    4.157348 -1.063038 -1.964237  4.157348 -1.964239
panel t -2.566399 -4.157348 -1.063038 -3.266407 -3.535534 -1.352991 -2.499999 -3.535534 -2.500001
panel t -4.619397  0.       -1.913418 -3.535533  0.       -3.535535 -3.467599 -0.975451 -3.467601
panel t -3.266407  3.535534 -1.352991 -2.499999  3.535534 -2.500001 -2.939688  2.777851 -2.93969 
panel t -0.9012    4.903926 -0.37329  -0.689748  4.903926 -0.68975  -1.35299   4.619398 -1.352992
panel t -2.566399 -4.157348 -1.063038 -1.964236 -4.157348 -1.964238 -1.352989 -4.619398 -1.352991
panel t -4.267766 -1.913416 -1.767768 -4.530637 -0.975451 -1.876652 -3.467599 -0.975451 -3.467601
panel t -4.267766  1.913417 -1.767768 -3.840889  2.777851 -1.590949 -2.939688  2.777851 -2.93969 
panel t -4.267766  1.913417 -1.767768 -3.266406  1.913417 -3.266409 -3.467599  0.975452 -3.467601
panel t -1.767767  4.619398 -0.732234 -1.35299   4.619398 -1.352992 -1.964237  4.157348 -1.964239
panel t -1.767766 -4.619398 -0.732233 -1.352989 -4.619398 -1.352991 -0.689747 -4.903926 -0.689749
panel t -4.267766 -1.913416 -1.767768 -3.266406 -1.913416 -3.266409 -2.939688 -2.777851 -2.93969 
panel t -0.689747 -4.903926 -0.689749 -1.352989 -4.619398 -1.352991 -0.732232 -4.619398 -1.767768
panel t -3.266406 -1.913416 -3.266409 -1.767765 -1.913416 -4.267768 -1.590947 -2.777851 -3.84089 
panel t -3.266406  1.913417 -3.266409 -1.767765  1.913417 -4.267768 -1.87665   0.975452 -4.530639
panel t -1.35299   4.619398 -1.352992 -0.732232  4.619398 -1.767769 -1.063036  4.157348 -2.566401
panel t -1.964237  4.157348 -1.964239 -1.063036  4.157348 -2.566401 -1.352989  3.535534 -3.266409
panel t -2.499999 -3.535534 -2.500001 -2.939688 -2.777851 -2.93969  -1.590947 -2.777851 -3.84089 
panel t -3.467599  0.975452 -3.467601 -1.87665   0.975452 -4.530639 -1.913416  0.       -4.619399
panel t -3.467599 -0.975451 -3.467601 -3.535533  0.       -3.535535 -1.913416  0.       -4.619399
panel t -2.499999  3.535534 -2.500001 -1.352989  3.535534 -3.266409 -1.590947  2.777851 -3.84089 
panel t -1.964236 -4.157348 -1.964238 -2.499999 -3.535534 -2.500001 -1.352989 -3.535534 -3.266409
panel t -1.352989 -4.619398 -1.352991 -1.964236 -4.157348 -1.964238 -1.063036 -4.157348 -2.566401
panel t -3.266406 -1.913416 -3.266409 -3.467599 -0.975451 -3.467601 -1.87665  -0.975451 -4.530639
panel t -3.266406  1.913417 -3.266409 -2.939688  2.777851 -2.93969  -1.590947  2.777851 -3.84089 
panel t -0.689748  4.903926 -0.68975  -0.373288  4.903926 -0.901201 -0.732232  4.619398 -1.767769
panel t -1.767765  1.913417 -4.267768 -1.590947  2.777851 -3.84089    2.00000000e-06   2.77785100e+00  -4.15735000e+00
panel t -0.373288  4.903926 -0.901201   2.00000000e-06   4.90392600e+00  -9.75453000e-01   2.00000000e-06   4.61939800e+00  -1.91341900e+00
panel t -0.732232 -4.619398 -1.767768 -1.063036 -4.157348 -2.566401   2.00000000e-06  -4.15734800e+00  -2.77785200e+00
panel t -1.767765 -1.913416 -4.267768 -1.87665  -0.975451 -4.530639   2.00000000e-06  -9.75451000e-01  -4.90392800e+00
panel t -1.767765 -1.913416 -4.267768   2.00000000e-06  -1.91341600e+00  -4.61939900e+00   2.00000000e-06  -2.77785100e+00  -4.15735000e+00
panel t -1.767765  1.913417 -4.267768   2.00000000e-06   1.91341700e+00  -4.61939900e+00   2.00000000e-06   9.75452000e-01  -4.90392800e+00
panel t -0.732232  4.619398 -1.767769   2.00000000e-06   4.61939800e+00  -1.91341900e+00   2.00000000e-06   4.15734800e+00  -2.77785300e+00
panel t -0.373288 -4.903926 -0.9012   -0.732232 -4.619398 -1.767768   2.00000000e-06  -4.61939800e+00  -1.91341800e+00
panel t -1.352989 -3.535534 -3.266409 -1.590947 -2.777851 -3.84089    2.00000000e-06  -2.77785100e+00  -4.15735000e+00
panel t -1.87665   0.975452 -4.530639   2.00000000e-06   9.75452000e-01  -4.90392800e+00   2.00000000e-06   0.00000000e+00  -5.00000100e+00
panel t -1.352989  3.535534 -3.266409 -1.063036  4.157348 -2.566401   2.00000000e-06   4.15734800e+00  -2.77785300e+00
panel t -1.352989 -3.535534 -3.266409   2.00000000e-06  -3.53553400e+00  -3.53553500e+00   2.00000000e-06  -4.15734800e+00  -2.77785200e+00
panel t -1.87665  -0.975451 -4.530639 -1.913416  0.       -4.619399   2.00000000e-06   0.00000000e+00  -5.00000100e+00
panel t -1.352989  3.535534 -3.266409   2.00000000e-06   3.53553400e+00  -3.53553500e+00   2.00000000e-06   2.77785100e+00  -4.15735000e+00
panel t   2.00000000e-06  -3.53553400e+00  -3.53553500e+00  1.352993 -3.535534 -3.266408  1.06304  -4.157348 -2.566401
panel t   2.00000000e-06  -9.75451000e-01  -4.90392800e+00   2.00000000e-06   0.00000000e+00  -5.00000100e+00  1.91342   0.       -4.619399
panel t   2.00000000e-06   3.53553400e+00  -3.53553500e+00  1.352993  3.535534 -3.266408  1.590951  2.777851 -3.84089 
panel t   2.00000000e-06  -4.15734800e+00  -2.77785200e+00  1.06304  -4.157348 -2.566401  0.732235 -4.619398 -1.767767
panel t   2.00000000e-06  -1.91341600e+00  -4.61939900e+00   2.00000000e-06  -9.75451000e-01  -4.90392800e+00  1.876654 -0.975451 -4.530638
panel t   2.00000000e-06   1.91341700e+00  -4.61939900e+00   2.00000000e-06   2.77785100e+00  -4.15735000e+00  1.590951  2.777851 -3.84089 
panel t   2.00000000e-06   4.61939800e+00  -1.91341900e+00   2.00000000e-06   4.90392600e+00  -9.75453000e-01  0.373292  4.903926 -0.901201
panel t   2.00000000e-06   4.61939800e+00  -1.91341900e+00  0.732236  4.619398 -1.767768  1.06304   4.157348 -2.566401
panel t   2.00000000e-06  -4.90392600e+00  -9.75452000e-01   2.00000000e-06  -4.61939800e+00  -1.91341800e+00  0.732235 -4.619398 -1.767767
panel t   2.00000000e-06  -1.91341600e+00  -4.61939900e+00  1.76777  -1.913416 -4.267768  1.590951 -2.777851 -3.84089 
panel t   2.00000000e-06   1.91341700e+00  -4.61939900e+00  1.76777   1.913417 -4.267768  1.876654  0.975452 -4.530638
panel t   2.00000000e-06   9.75452000e-01  -4.90392800e+00  1.876654  0.975452 -4.530638  1.91342   0.       -4.619399
panel t   2.00000000e-06   3.53553400e+00  -3.53553500e+00   2.00000000e-06   4.15734800e+00  -2.77785300e+00  1.06304   4.157348 -2.566401
panel t   2.00000000e-06  -3.53553400e+00  -3.53553500e+00   2.00000000e-06  -2.77785100e+00  -4.15735000e+00  1.590951 -2.777851 -3.84089 
panel t  1.352993 -3.535534 -3.266408  1.590951 -2.777851 -3.84089   2.939692 -2.777851 -2.939689
panel t  1.91342   0.       -4.619399  1.876654  0.975452 -4.530638  3.467603  0.975452 -3.4676  
panel t  1.352993  3.535534 -3.266408  1.06304   4.157348 -2.566401  1.96424   4.157348 -1.964238
panel t  1.352993  3.535534 -3.266408  2.500003  3.535534 -2.5       2.939692  2.777851 -2.939689
panel t  1.352993 -3.535534 -3.266408  2.500003 -3.535534 -2.5       1.96424  -4.157348 -1.964238
panel t  1.876654 -0.975451 -4.530638  1.91342   0.       -4.619399  3.535537  0.       -3.535534
panel t  1.76777  -1.913416 -4.267768  1.876654 -0.975451 -4.530638  3.467603 -0.975451 -3.4676  
panel t  1.76777   1.913417 -4.267768  1.590951  2.777851 -3.84089   2.939692  2.777851 -2.939689
panel t  0.373292  4.903926 -0.901201  0.689751  4.903926 -0.689749  1.352993  4.619398 -1.352991
panel t  0.732235 -4.619398 -1.767767  1.06304  -4.157348 -2.566401  1.96424  -4.157348 -1.964238
panel t  0.373291 -4.903926 -0.9012    0.732235 -4.619398 -1.767767  1.352993 -4.619398 -1.35299 
panel t  1.76777  -1.913416 -4.267768  3.266411 -1.913416 -3.266407  2.939692 -2.777851 -2.939689
panel t  1.76777   1.913417 -4.267768  3.266411  1.913417 -3.266407  3.467603  0.975452 -3.4676  
panel t  0.732236  4.619398 -1.767768  1.352993  4.619398 -1.352991  1.96424   4.157348 -1.964238
panel t  3.266411  1.913417 -3.266407  4.26777   1.913417 -1.767766  4.530641  0.975452 -1.876651
panel t  1.352993  4.619398 -1.352991  1.76777   4.619398 -0.732233  2.566403  4.157348 -1.063038
panel t  0.68975  -4.903926 -0.689749  1.352993 -4.619398 -1.35299   1.767769 -4.619398 -0.732233
panel t  3.266411 -1.913416 -3.266407  4.26777  -1.913416 -1.767766  3.840892 -2.777851 -1.590948
panel t  2.500003 -3.535534 -2.5       2.939692 -2.777851 -2.939689  3.840892 -2.777851 -1.590948
panel t  3.535537  0.       -3.535534  3.467603  0.975452 -3.4676    4.530641  0.975452 -1.876651
panel t  2.500003  3.535534 -2.5       1.96424   4.157348 -1.964238  2.566403  4.157348 -1.063038
panel t  2.500003 -3.535534 -2.5       3.266411 -3.535534 -1.35299   2.566403 -4.157348 -1.063038
panel t  3.467603 -0.975451 -3.4676    3.535537  0.       -3.535534  4.619401  0.       -1.913417
panel t  2.939692  2.777851 -2.939689  2.500003  3.535534 -2.5       3.266411  3.535534 -1.35299 
panel t  1.352993  4.619398 -1.352991  0.689751  4.903926 -0.689749  0.901203  4.903926 -0.37329 
panel t  1.352993 -4.619398 -1.35299   1.96424  -4.157348 -1.964238  2.566403 -4.157348 -1.063038
panel t  3.266411 -1.913416 -3.266407  3.467603 -0.975451 -3.4676    4.530641 -0.975451 -1.876651
panel t  3.266411  1.913417 -3.266407  2.939692  2.777851 -2.939689  3.840892  2.777851 -1.590948
panel t  1.767769 -4.619398 -0.732233  2.566403 -4.157348 -1.063038   2.77785400e+00  -4.15734800e+00   1.00000000e-06
panel t  4.26777  -1.913416 -1.767766  4.530641 -0.975451 -1.876651   4.90392900e+00  -9.75451000e-01   1.00000000e-06
panel t  4.26777   1.913417 -1.767766  3.840892  2.777851 -1.590948   4.15735100e+00   2.77785100e+00   1.00000000e-06
panel t  0.901203  4.903926 -0.37329   0.975455  4.903926  0.         1.91342000e+00   4.61939800e+00   1.00000000e-06
panel t  0.901202 -4.903926 -0.373289  1.767769 -4.619398 -0.732233  1.913419 -4.619398  0.      
panel t  4.26777  -1.913416 -1.767766   4.61940100e+00  -1.91341600e+00   2.00000000e-06   4.15735100e+00  -2.77785100e+00   1.00000000e-06
panel t  4.26777   1.913417 -1.767766   4.61940100e+00   1.91341700e+00   2.00000000e-06   4.90392900e+00   9.75452000e-01   1.00000000e-06
panel t  1.76777   4.619398 -0.732233   1.91342000e+00   4.61939800e+00   1.00000000e-06   2.77785400e+00   4.15734800e+00   1.00000000e-06
panel t  3.266411  3.535534 -1.35299   2.566403  4.157348 -1.063038   2.77785400e+00   4.15734800e+00   1.00000000e-06
panel t  3.266411 -3.535534 -1.35299   3.840892 -2.777851 -1.590948   4.15735100e+00  -2.77785100e+00   1.00000000e-06
panel t  4.619401  0.       -1.913417  4.530641  0.975452 -1.876651   4.90392900e+00   9.75452000e-01   1.00000000e-06
panel t  4.619401  0.       -1.913417   5.00000300e+00   0.00000000e+00   1.00000000e-06   4.90392900e+00  -9.75451000e-01   1.00000000e-06
panel t  3.840892  2.777851 -1.590948  3.266411  3.535534 -1.35299    3.53553700e+00   3.53553400e+00   1.00000000e-06
panel t  2.566403 -4.157348 -1.063038  3.266411 -3.535534 -1.35299    3.53553700e+00  -3.53553400e+00   1.00000000e-06
panel t   3.53553700e+00  -3.53553400e+00   1.00000000e-06  3.26641  -3.535534  1.352992  2.566402 -4.157348  1.063039
panel t   4.90392900e+00  -9.75451000e-01   1.00000000e-06   5.00000300e+00   0.00000000e+00   1.00000000e-06  4.6194    0.        1.913419
panel t   4.15735100e+00   2.77785100e+00   1.00000000e-06   3.53553700e+00   3.53553400e+00   1.00000000e-06  3.26641   3.535534  1.352992
panel t   4.61940100e+00   1.91341700e+00   2.00000000e-06   4.15735100e+00   2.77785100e+00   1.00000000e-06  3.840891  2.777851  1.59095 
panel t   1.91342000e+00   4.61939800e+00   1.00000000e-06  0.975455  4.903926  0.        0.901203  4.903926  0.37329 
panel t  1.913419 -4.619398  0.         2.77785400e+00  -4.15734800e+00   1.00000000e-06  2.566402 -4.157348  1.063039
panel t   4.61940100e+00  -1.91341600e+00   2.00000000e-06   4.90392900e+00  -9.75451000e-01   1.00000000e-06  4.530639 -0.975451  1.876653
panel t   4.61940100e+00  -1.91341600e+00   2.00000000e-06  4.267769 -1.913416  1.767769  3.840891 -2.777851  1.59095 
panel t   4.61940100e+00   1.91341700e+00   2.00000000e-06  4.267769  1.913417  1.767769  4.530639  0.975452  1.876653
panel t   1.91342000e+00   4.61939800e+00   1.00000000e-06  1.76777   4.619398  0.732234  2.566402  4.157348  1.063039
panel t  0.975454 -4.903926  0.        1.913419 -4.619398  0.        1.767769 -4.619398  0.732234
panel t   3.53553700e+00  -3.53553400e+00   1.00000000e-06   4.15735100e+00  -2.77785100e+00   1.00000000e-06  3.840891 -2.777851  1.59095 
panel t   4.90392900e+00   9.75452000e-01   1.00000000e-06  4.530639  0.975452  1.876653  4.6194    0.        1.913419
panel t   3.53553700e+00   3.53553400e+00   1.00000000e-06   2.77785400e+00   4.15734800e+00   1.00000000e-06  2.566402  4.157348  1.063039
panel t  4.6194    0.        1.913419  4.530639  0.975452  1.876653  3.467601  0.975452  3.467602
panel t  3.26641   3.535534  1.352992  2.566402  4.157348  1.063039  1.964239  4.157348  1.964239
panel t  3.26641  -3.535534  1.352992  3.840891 -2.777851  1.59095   2.939691 -2.777851  2.939691
panel t  3.26641  -3.535534  1.352992  2.500001 -3.535534  2.500002  1.964239 -4.157348  1.964239
panel t  4.530639 -0.975451  1.876653  4.6194    0.        1.913419  3.535535  0.        3.535536
panel t  3.26641   3.535534  1.352992  2.500001  3.535534  2.500002  2.939691  2.777851  2.939691
panel t  1.767769 -4.619398  0.732234  2.566402 -4.157348  1.063039  1.964239 -4.157348  1.964239
panel t  4.267769 -1.913416  1.767769  4.530639 -0.975451  1.876653  3.467601 -0.975451  3.467602
panel t  4.267769  1.913417  1.767769  3.840891  2.777851  1.59095   2.939691  2.777851  2.939691
panel t  1.76777   4.619398  0.732234  0.901203  4.903926  0.37329   0.689751  4.903926  0.68975 
panel t  1.76777   4.619398  0.732234  1.352992  4.619398  1.352992  1.964239  4.157348  1.964239
panel t  0.901202 -4.903926  0.37329   1.767769 -4.619398  0.732234  1.352992 -4.619398  1.352991
panel t  4.267769 -1.913416  1.767769  3.266408 -1.913416  3.266409  2.939691 -2.777851  2.939691
panel t  4.267769  1.913417  1.767769  3.266408  1.913417  3.266409  3.467601  0.975452  3.467602
panel t  0.68975  -4.903926  0.689749  1.352992 -4.619398  1.352991  0.732234 -4.619398  1.767768
panel t  3.266408 -1.913416  3.266409  1.767767 -1.913416  4.267768  1.590949 -2.777851  3.84089 
panel t  3.266408  1.913417  3.266409  1.767767  1.913417  4.267768  1.876652  0.975452  4.530639
panel t  1.352992  4.619398  1.352992  0.732234  4.619398  1.767769  1.063039  4.157348  2.566401
panel t  2.500001 -3.535534  2.500002  2.939691 -2.777851  2.939691  1.590949 -2.777851  3.84089 
panel t  3.467601  0.975452  3.467602  1.876652  0.975452  4.530639  1.913417  0.        4.619399
panel t  2.500001  3.535534  2.500002  1.964239  4.157348  1.964239  1.063039  4.157348  2.566401
panel t  2.500001  3.535534  2.500002  1.352991  3.535534  3.266409  1.590949  2.777851  3.84089 
panel t  2.500001 -3.535534  2.500002  1.352991 -3.535534  3.266409  1.063039 -4.157348  2.566401
panel t  3.467601 -0.975451  3.467602  3.535535  0.        3.535536  1.913417  0.        4.619399
panel t  3.266408 -1.913416  3.266409  3.467601 -0.975451  3.467602  1.876652 -0.975451  4.530639
panel t  3.266408  1.913417  3.266409  2.939691  2.777851  2.939691  1.590949  2.777851  3.84089 
panel t  1.352992  4.619398  1.352992  0.689751  4.903926  0.68975   0.373291  4.903926  0.901201
panel t  1.352992 -4.619398  1.352991  1.964239 -4.157348  1.964239  1.063039 -4.157348  2.566401
panel t  0.373291  4.903926  0.901201   1.00000000e-06   4.90392600e+00   9.75453000e-01   1.00000000e-06   4.61939800e+00   1.91341900e+00
panel t  0.732234 -4.619398  1.767768  1.063039 -4.157348  2.566401   1.00000000e-06  -4.15734800e+00   2.77785200e+00
panel t  1.767767 -1.913416  4.267768  1.876652 -0.975451  4.530639 -0.       -0.975451  4.903927
panel t  1.767767  1.913417  4.267768  1.590949  2.777851  3.84089   0.        2.777851  4.157349
panel t  1.767767  1.913417  4.267768 -0.        1.913417  4.619398 -0.        0.975452  4.903927
panel t  0.732234  4.619398  1.767769   1.00000000e-06   4.61939800e+00   1.91341900e+00   1.00000000e-06   4.15734800e+00   2.77785200e+00
panel t  0.373291 -4.903926  0.9012    0.732234 -4.619398  1.767768   1.00000000e-06  -4.61939800e+00   1.91341700e+00
panel t  1.767767 -1.913416  4.267768 -0.       -1.913416  4.619398  0.       -2.777851  4.157349
panel t  1.352991 -3.535534  3.266409  1.590949 -2.777851  3.84089   0.       -2.777851  4.157349
panel t  1.876652  0.975452  4.530639 -0.        0.975452  4.903927  -1.00000000e-06   0.00000000e+00   5.00000000e+00
panel t  1.352991  3.535534  3.266409  1.063039  4.157348  2.566401   1.00000000e-06   4.15734800e+00   2.77785200e+00
panel t  1.352991 -3.535534  3.266409  0.       -3.535534  3.535535   1.00000000e-06  -4.15734800e+00   2.77785200e+00
panel t  1.876652 -0.975451  4.530639  1.913417  0.        4.619399  -1.00000000e-06   0.00000000e+00   5.00000000e+00
panel t  1.352991  3.535534  3.266409  0.        3.535534  3.535535  0.        2.777851  4.157349
panel t -0.       -0.975451  4.903927  -1.00000000e-06   0.00000000e+00   5.00000000e+00 -1.913418  0.        4.619397
panel t  0.        3.535534  3.535535 -1.352991  3.535534  3.266408 -1.590949  2.777851  3.840889
panel t  0.       -3.535534  3.535535 -1.352991 -3.535534  3.266408 -1.063037 -4.157348  2.5664  
panel t   1.00000000e-06  -4.61939800e+00   1.91341700e+00   1.00000000e-06  -4.15734800e+00   2.77785200e+00 -1.063037 -4.157348  2.5664  
panel t -0.       -1.913416  4.619398 -0.       -0.975451  4.903927 -1.876652 -0.975451  4.530637
panel t -0.        1.913417  4.619398  0.        2.777851  4.157349 -1.590949  2.777851  3.840889
panel t   1.00000000e-06   4.90392600e+00   9.75453000e-01 -0.373288  4.903926  0.901201 -0.732233  4.619398  1.767768
panel t   1.00000000e-06  -4.90392600e+00   9.75452000e-01   1.00000000e-06  -4.61939800e+00   1.91341700e+00 -0.732232 -4.619398  1.767767
panel t -0.       -1.913416  4.619398 -1.767768 -1.913416  4.267766 -1.590949 -2.777851  3.840889
panel t -0.        1.913417  4.619398 -1.767768  1.913417  4.267766 -1.876652  0.975452  4.530637
panel t   1.00000000e-06   4.61939800e+00   1.91341900e+00 -0.732233  4.619398  1.767768 -1.063037  4.157348  2.566401
panel t  0.        3.535534  3.535535   1.00000000e-06   4.15734800e+00   2.77785200e+00 -1.063037  4.157348  2.566401
panel t  0.       -3.535534  3.535535  0.       -2.777851  4.157349 -1.590949 -2.777851  3.840889
panel t  -1.00000000e-06   0.00000000e+00   5.00000000e+00 -0.        0.975452  4.903927 -1.876652  0.975452  4.530637
panel t -1.352991 -3.535534  3.266408 -1.590949 -2.777851  3.840889 -2.939689 -2.777851  2.939688
panel t -1.913418  0.        4.619397 -1.876652  0.975452  4.530637 -3.4676    0.975452  3.467599
panel t -1.352991  3.535534  3.266408 -1.063037  4.157348  2.566401 -1.964237  4.157348  1.964237
panel t -1.352991 -3.535534  3.266408 -2.5      -3.535534  2.5      -1.964237 -4.157348  1.964237
panel t -1.876652 -0.975451  4.530637 -1.913418  0.        4.619397 -3.535534  0.        3.535532
panel t -1.352991  3.535534  3.266408 -2.5       3.535534  2.5      -2.939689  2.777851  2.939688
panel t -1.767768  1.913417  4.267766 -1.590949  2.777851  3.840889 -2.939689  2.777851  2.939688
panel t -0.732233  4.619398  1.767768 -0.373288  4.903926  0.901201 -0.689748  4.903926  0.689749
panel t -0.732232 -4.619398  1.767767 -1.063037 -4.157348  2.5664   -1.964237 -4.157348  1.964237
panel t -1.767768 -1.913416  4.267766 -1.876652 -0.975451  4.530637 -3.4676   -0.975451  3.467599
panel t -1.767768 -1.913416  4.267766 -3.266408 -1.913416  3.266406 -2.939689 -2.777851  2.939688
panel t -1.767768  1.913417  4.267766 -3.266408  1.913417  3.266406 -3.4676    0.975452  3.467599
panel t -0.732233  4.619398  1.767768 -1.35299   4.619398  1.352991 -1.964237  4.157348  1.964237
panel t -0.373288 -4.903926  0.9012   -0.732232 -4.619398  1.767767 -1.352989 -4.619398  1.35299 
panel t -1.35299   4.619398  1.352991 -1.767767  4.619398  0.732233 -2.5664    4.157348  1.063037
panel t -0.689747 -4.903926  0.689748 -1.352989 -4.619398  1.35299  -1.767766 -4.619398  0.732232
panel t -3.266408 -1.913416  3.266406 -4.267766 -1.913416  1.767765 -3.840889 -2.777851  1.590947
panel t -3.266408  1.913417  3.266406 -4.267766  1.913417  1.767765 -4.530637  0.975452  1.876649
panel t -3.4676    0.975452  3.467599 -4.530637  0.975452  1.876649 -4.619397  0.        1.913415
panel t -2.5       3.535534  2.5      -1.964237  4.157348  1.964237 -2.5664    4.157348  1.063037
panel t -2.939689 -2.777851  2.939688 -3.840889 -2.777851  1.590947 -3.266407 -3.535534  1.352989
panel t -2.5      -3.535534  2.5      -3.266407 -3.535534  1.352989 -2.566399 -4.157348  1.063037
panel t -3.4676   -0.975451  3.467599 -3.535534  0.        3.535532 -4.619397  0.        1.913415
panel t -2.5       3.535534  2.5      -3.266407  3.535534  1.352989 -3.840889  2.777851  1.590947
panel t -1.352989 -4.619398  1.35299  -1.964237 -4.157348  1.964237 -2.566399 -4.157348  1.063037
panel t -3.266408 -1.913416  3.266406 -3.4676   -0.975451  3.467599 -4.530637 -0.975451  1.876649
panel t -3.266408  1.913417  3.266406 -2.939689  2.777851  2.939688 -3.840889  2.777851  1.590947
panel t -1.35299   4.619398  1.352991 -0.689748  4.903926  0.689749 -0.9012    4.903926  0.373289
panel t   2.00000000e-06  -5.00000000e+00   0.00000000e+00 -0.97545  -4.903926  0.       -0.901199 -4.903926 -0.373289
panel t -0.975452  4.903926  0.         0.00000000e+00   5.00000000e+00   1.00000000e-06 -0.9012    4.903926 -0.37329 
panel t   2.00000000e-06  -5.00000000e+00   0.00000000e+00 -0.901199 -4.903926 -0.373289 -0.689747 -4.903926 -0.689749
panel t -0.9012    4.903926 -0.37329    0.00000000e+00   5.00000000e+00   1.00000000e-06 -0.689748  4.903926 -0.68975 
panel t   2.00000000e-06  -5.00000000e+00   0.00000000e+00 -0.689747 -4.903926 -0.689749 -0.373288 -4.903926 -0.9012  
panel t -0.689748  4.903926 -0.68975    0.00000000e+00   5.00000000e+00   1.00000000e-06 -0.373288  4.903926 -0.901201
panel t   2.00000000e-06  -5.00000000e+00   0.00000000e+00 -0.373288 -4.903926 -0.9012     2.00000000e-06  -4.90392600e+00  -9.75452000e-01
panel t -0.373288  4.903926 -0.901201   0.00000000e+00   5.00000000e+00   1.00000000e-06   2.00000000e-06   4.90392600e+00  -9.75453000e-01
panel t   2.00000000e-06   4.90392600e+00  -9.75453000e-01   0.00000000e+00   5.00000000e+00   1.00000000e-06  0.373292  4.903926 -0.901201
panel t   2.00000000e-06  -5.00000000e+00   0.00000000e+00   2.00000000e-06  -4.90392600e+00  -9.75452000e-01  0.373291 -4.903926 -0.9012  
panel t   2.00000000e-06  -5.00000000e+00   0.00000000e+00  0.373291 -4.903926 -0.9012    0.68975  -4.903926 -0.689749
panel t  0.373292  4.903926 -0.901201   0.00000000e+00   5.00000000e+00   1.00000000e-06  0.689751  4.903926 -0.689749
panel t   2.00000000e-06  -5.00000000e+00   0.00000000e+00  0.68975  -4.903926 -0.689749  0.901202 -4.903926 -0.373289
panel t  0.689751  4.903926 -0.689749   0.00000000e+00   5.00000000e+00   1.00000000e-06  0.901203  4.903926 -0.37329 
panel t   2.00000000e-06  -5.00000000e+00   0.00000000e+00  0.901202 -4.903926 -0.373289  0.975454 -4.903926  0.      
panel t  0.901203  4.903926 -0.37329    0.00000000e+00   5.00000000e+00   1.00000000e-06  0.975455  4.903926  0.      
panel t  0.975455  4.903926  0.         0.00000000e+00   5.00000000e+00   1.00000000e-06  0.901203  4.903926  0.37329 
panel t   2.00000000e-06  -5.00000000e+00   0.00000000e+00  0.975454 -4.903926  0.        0.901202 -4.903926  0.37329 
panel t   2.00000000e-06  -5.00000000e+00   0.00000000e+00  0.901202 -4.903926  0.37329   0.68975  -4.903926  0.689749
panel t  0.901203  4.903926  0.37329    0.00000000e+00   5.00000000e+00   1.00000000e-06  0.689751  4.903926  0.68975 
panel t   2.00000000e-06  -5.00000000e+00   0.00000000e+00  0.68975  -4.903926  0.689749  0.373291 -4.903926  0.9012  
panel t  0.689751  4.903926  0.68975    0.00000000e+00   5.00000000e+00   1.00000000e-06  0.373291  4.903926  0.901201
panel t   2.00000000e-06  -5.00000000e+00   0.00000000e+00  0.373291 -4.903926  0.9012     1.00000000e-06  -4.90392600e+00   9.75452000e-01
panel t  0.373291  4.903926  0.901201   0.00000000e+00   5.00000000e+00   1.00000000e-06   1.00000000e-06   4.90392600e+00   9.75453000e-01
panel t   1.00000000e-06   4.90392600e+00   9.75453000e-01   0.00000000e+00   5.00000000e+00   1.00000000e-06 -0.373288  4.903926  0.901201
panel t   2.00000000e-06  -5.00000000e+00   0.00000000e+00   1.00000000e-06  -4.90392600e+00   9.75452000e-01 -0.373288 -4.903926  0.9012  
panel t   2.00000000e-06  -5.00000000e+00   0.00000000e+00 -0.373288 -4.903926  0.9012   -0.689747 -4.903926  0.689748
panel t -0.373288  4.903926  0.901201   0.00000000e+00   5.00000000e+00   1.00000000e-06 -0.689748  4.903926  0.689749
panel t   2.00000000e-06  -5.00000000e+00   0.00000000e+00 -0.689747 -4.903926  0.689748 -0.901199 -4.903926  0.373289
panel t -0.689748  4.903926  0.689749   0.00000000e+00   5.00000000e+00   1.00000000e-06 -0.9012    4.903926  0.373289
panel t -4.530637 -0.975451  1.876649 -4.903926 -0.975451  0.       -4.619398 -1.913416  0.      
panel t -4.267766  1.913417  1.767765 -3.840889  2.777851  1.590947 -4.157348  2.777851  0.      
panel t -1.767767  4.619398  0.732233 -0.9012    4.903926  0.373289 -0.975452  4.903926  0.      
panel t -2.566399 -4.157348  1.063037 -2.777851 -4.157348  0.       -1.913416 -4.619398  0.      
panel t -1.767766 -4.619398  0.732232 -1.913416 -4.619398  0.       -0.97545  -4.903926  0.      
panel t -4.267766 -1.913416  1.767765 -4.619398 -1.913416  0.       -4.157348 -2.777851  0.      
panel t -4.530637  0.975452  1.876649 -4.267766  1.913417  1.767765 -4.619398  1.913417  0.      
panel t -2.5664    4.157348  1.063037 -1.767767  4.619398  0.732233 -1.913417  4.619398  0.      
panel t   2.00000000e-06  -5.00000000e+00   0.00000000e+00 -0.901199 -4.903926  0.373289 -0.97545  -4.903926  0.      
panel t -3.840889 -2.777851  1.590947 -4.157348 -2.777851  0.       -3.535534 -3.535534  0.      
panel t -4.619397  0.        1.913415 -4.530637  0.975452  1.876649 -4.903926  0.975452  0.      
panel t -3.266407  3.535534  1.352989 -2.5664    4.157348  1.063037 -2.777851  4.157348  0.      
panel t -3.840889  2.777851  1.590947 -3.266407  3.535534  1.352989 -3.535534  3.535534  0.      
panel t -0.9012    4.903926  0.373289   0.00000000e+00   5.00000000e+00   1.00000000e-06 -0.975452  4.903926  0.      
panel t -3.266407 -3.535534  1.352989 -3.535534 -3.535534  0.       -2.777851 -4.157348  0.      
panel t -4.619397  0.        1.913415 -5.  0.  0. -4.903926 -0.975451  0.      
panel t -4.619397  0.       -1.913418 -5.  0.  0. -4.530637  0.975452 -1.876652
panel t -3.266407  3.535534 -1.352991 -3.535534  3.535534  0.       -2.5664    4.157348 -1.063038
panel t -3.266407 -3.535534 -1.352991 -3.535534 -3.535534  0.       -3.840889 -2.777851 -1.590949
panel t -2.566399 -4.157348 -1.063038 -2.777851 -4.157348  0.       -3.266407 -3.535534 -1.352991
panel t -4.903926 -0.975451  0.       -5.  0.  0. -4.530637 -0.975451 -1.876652
panel t -4.157348  2.777851  0.       -3.535534  3.535534  0.       -3.840889  2.777851 -1.590949
panel t -1.767766 -4.619398 -0.732233 -1.913416 -4.619398  0.       -2.566399 -4.157348 -1.063038
panel t -4.267766 -1.913416 -1.767768 -4.619398 -1.913416  0.       -4.530637 -0.975451 -1.876652
panel t -4.619398  1.913417  0.       -4.157348  2.777851  0.       -4.267766  1.913417 -1.767768
panel t -1.913417  4.619398  0.       -0.975452  4.903926  0.       -1.767767  4.619398 -0.732234
panel t -2.777851  4.157348  0.       -1.913417  4.619398  0.       -2.5664    4.157348 -1.063038
panel t -0.901199 -4.903926 -0.373289 -0.97545  -4.903926  0.       -1.767766 -4.619398 -0.732233
panel t -4.157348 -2.777851  0.       -4.619398 -1.913416  0.       -3.840889 -2.777851 -1.590949
panel t -4.903926  0.975452  0.       -4.619398  1.913417  0.       -4.530637  0.975452 -1.876652
panel t -2.499999 -3.535534 -2.500001 -3.266407 -3.535534 -1.352991 -2.939688 -2.777851 -2.93969 
panel t -3.535533  0.       -3.535535 -4.619397  0.       -1.913418 -3.467599  0.975452 -3.467601
panel t -2.499999  3.535534 -2.500001 -3.266407  3.535534 -1.352991 -1.964237  4.157348 -1.964239
panel t -1.964236 -4.157348 -1.964238 -2.566399 -4.157348 -1.063038 -2.499999 -3.535534 -2.500001
panel t -4.530637 -0.975451 -1.876652 -4.619397  0.       -1.913418 -3.467599 -0.975451 -3.467601
panel t -3.840889  2.777851 -1.590949 -3.266407  3.535534 -1.352991 -2.939688  2.777851 -2.93969 
panel t -1.767767  4.619398 -0.732234 -0.9012    4.903926 -0.37329  -1.35299   4.619398 -1.352992
panel t -1.767766 -4.619398 -0.732233 -2.566399 -4.157348 -1.063038 -1.352989 -4.619398 -1.352991
panel t -3.266406 -1.913416 -3.266409 -4.267766 -1.913416 -1.767768 -3.467599 -0.975451 -3.467601
panel t -3.266406  1.913417 -3.266409 -4.267766  1.913417 -1.767768 -2.939688  2.777851 -2.93969 
panel t -4.530637  0.975452 -1.876652 -4.267766  1.913417 -1.767768 -3.467599  0.975452 -3.467601
panel t -2.5664    4.157348 -1.063038 -1.767767  4.619398 -0.732234 -1.964237  4.157348 -1.964239
panel t -0.901199 -4.903926 -0.373289 -1.767766 -4.619398 -0.732233 -0.689747 -4.903926 -0.689749
panel t -3.840889 -2.777851 -1.590949 -4.267766 -1.913416 -1.767768 -2.939688 -2.777851 -2.93969 
panel t -0.373288 -4.903926 -0.9012   -0.689747 -4.903926 -0.689749 -0.732232 -4.619398 -1.767768
panel t -2.939688 -2.777851 -2.93969  -3.266406 -1.913416 -3.266409 -1.590947 -2.777851 -3.84089 
panel t -3.467599  0.975452 -3.467601 -3.266406  1.913417 -3.266409 -1.87665   0.975452 -4.530639
panel t -1.964237  4.157348 -1.964239 -1.35299   4.619398 -1.352992 -1.063036  4.157348 -2.566401
panel t -2.499999  3.535534 -2.500001 -1.964237  4.157348 -1.964239 -1.352989  3.535534 -3.266409
panel t -1.352989 -3.535534 -3.266409 -2.499999 -3.535534 -2.500001 -1.590947 -2.777851 -3.84089 
panel t -3.535533  0.       -3.535535 -3.467599  0.975452 -3.467601 -1.913416  0.       -4.619399
panel t -1.87665  -0.975451 -4.530639 -3.467599 -0.975451 -3.467601 -1.913416  0.       -4.619399
panel t -2.939688  2.777851 -2.93969  -2.499999  3.535534 -2.500001 -1.590947  2.777851 -3.84089 
panel t -1.063036 -4.157348 -2.566401 -1.964236 -4.157348 -1.964238 -1.352989 -3.535534 -3.266409
panel t -0.732232 -4.619398 -1.767768 -1.352989 -4.619398 -1.352991 -1.063036 -4.157348 -2.566401
panel t -1.767765 -1.913416 -4.267768 -3.266406 -1.913416 -3.266409 -1.87665  -0.975451 -4.530639
panel t -1.767765  1.913417 -4.267768 -3.266406  1.913417 -3.266409 -1.590947  2.777851 -3.84089 
panel t -1.35299   4.619398 -1.352992 -0.689748  4.903926 -0.68975  -0.732232  4.619398 -1.767769
panel t   2.00000000e-06   1.91341700e+00  -4.61939900e+00 -1.767765  1.913417 -4.267768   2.00000000e-06   2.77785100e+00  -4.15735000e+00
panel t -0.732232  4.619398 -1.767769 -0.373288  4.903926 -0.901201   2.00000000e-06   4.61939800e+00  -1.91341900e+00
panel t   2.00000000e-06  -4.61939800e+00  -1.91341800e+00 -0.732232 -4.619398 -1.767768   2.00000000e-06  -4.15734800e+00  -2.77785200e+00
panel t   2.00000000e-06  -1.91341600e+00  -4.61939900e+00 -1.767765 -1.913416 -4.267768   2.00000000e-06  -9.75451000e-01  -4.90392800e+00
panel t -1.590947 -2.777851 -3.84089  -1.767765 -1.913416 -4.267768   2.00000000e-06  -2.77785100e+00  -4.15735000e+00
panel t -1.87665   0.975452 -4.530639 -1.767765  1.913417 -4.267768   2.00000000e-06   9.75452000e-01  -4.90392800e+00
panel t -1.063036  4.157348 -2.566401 -0.732232  4.619398 -1.767769   2.00000000e-06   4.15734800e+00  -2.77785300e+00
panel t   2.00000000e-06  -4.90392600e+00  -9.75452000e-01 -0.373288 -4.903926 -0.9012     2.00000000e-06  -4.61939800e+00  -1.91341800e+00
panel t   2.00000000e-06  -3.53553400e+00  -3.53553500e+00 -1.352989 -3.535534 -3.266409   2.00000000e-06  -2.77785100e+00  -4.15735000e+00
panel t -1.913416  0.       -4.619399 -1.87665   0.975452 -4.530639   2.00000000e-06   0.00000000e+00  -5.00000100e+00
panel t   2.00000000e-06   3.53553400e+00  -3.53553500e+00 -1.352989  3.535534 -3.266409   2.00000000e-06   4.15734800e+00  -2.77785300e+00
panel t -1.063036 -4.157348 -2.566401 -1.352989 -3.535534 -3.266409   2.00000000e-06  -4.15734800e+00  -2.77785200e+00
panel t   2.00000000e-06  -9.75451000e-01  -4.90392800e+00 -1.87665  -0.975451 -4.530639   2.00000000e-06   0.00000000e+00  -5.00000100e+00
panel t -1.590947  2.777851 -3.84089  -1.352989  3.535534 -3.266409   2.00000000e-06   2.77785100e+00  -4.15735000e+00
panel t   2.00000000e-06  -4.15734800e+00  -2.77785200e+00   2.00000000e-06  -3.53553400e+00  -3.53553500e+00  1.06304  -4.157348 -2.566401
panel t  1.876654 -0.975451 -4.530638   2.00000000e-06  -9.75451000e-01  -4.90392800e+00  1.91342   0.       -4.619399
panel t   2.00000000e-06   2.77785100e+00  -4.15735000e+00   2.00000000e-06   3.53553400e+00  -3.53553500e+00  1.590951  2.777851 -3.84089 
panel t   2.00000000e-06  -4.61939800e+00  -1.91341800e+00   2.00000000e-06  -4.15734800e+00  -2.77785200e+00  0.732235 -4.619398 -1.767767
panel t  1.76777  -1.913416 -4.267768   2.00000000e-06  -1.91341600e+00  -4.61939900e+00  1.876654 -0.975451 -4.530638
panel t  1.76777   1.913417 -4.267768   2.00000000e-06   1.91341700e+00  -4.61939900e+00  1.590951  2.777851 -3.84089 
panel t  0.732236  4.619398 -1.767768   2.00000000e-06   4.61939800e+00  -1.91341900e+00  0.373292  4.903926 -0.901201
panel t   2.00000000e-06   4.15734800e+00  -2.77785300e+00   2.00000000e-06   4.61939800e+00  -1.91341900e+00  1.06304   4.157348 -2.566401
panel t  0.373291 -4.903926 -0.9012     2.00000000e-06  -4.90392600e+00  -9.75452000e-01  0.732235 -4.619398 -1.767767
panel t   2.00000000e-06  -2.77785100e+00  -4.15735000e+00   2.00000000e-06  -1.91341600e+00  -4.61939900e+00  1.590951 -2.777851 -3.84089 
panel t   2.00000000e-06   9.75452000e-01  -4.90392800e+00   2.00000000e-06   1.91341700e+00  -4.61939900e+00  1.876654  0.975452 -4.530638
panel t   2.00000000e-06   0.00000000e+00  -5.00000100e+00   2.00000000e-06   9.75452000e-01  -4.90392800e+00  1.91342   0.       -4.619399
panel t  1.352993  3.535534 -3.266408   2.00000000e-06   3.53553400e+00  -3.53553500e+00  1.06304   4.157348 -2.566401
panel t  1.352993 -3.535534 -3.266408   2.00000000e-06  -3.53553400e+00  -3.53553500e+00  1.590951 -2.777851 -3.84089 
panel t  2.500003 -3.535534 -2.5       1.352993 -3.535534 -3.266408  2.939692 -2.777851 -2.939689
panel t  3.535537  0.       -3.535534  1.91342   0.       -4.619399  3.467603  0.975452 -3.4676  
panel t  2.500003  3.535534 -2.5       1.352993  3.535534 -3.266408  1.96424   4.157348 -1.964238
panel t  1.590951  2.777851 -3.84089   1.352993  3.535534 -3.266408  2.939692  2.777851 -2.939689
panel t  1.06304  -4.157348 -2.566401  1.352993 -3.535534 -3.266408  1.96424  -4.157348 -1.964238
panel t  3.467603 -0.975451 -3.4676    1.876654 -0.975451 -4.530638  3.535537  0.       -3.535534
panel t  3.266411 -1.913416 -3.266407  1.76777  -1.913416 -4.267768  3.467603 -0.975451 -3.4676  
panel t  3.266411  1.913417 -3.266407  1.76777   1.913417 -4.267768  2.939692  2.777851 -2.939689
panel t  0.732236  4.619398 -1.767768  0.373292  4.903926 -0.901201  1.352993  4.619398 -1.352991
panel t  1.352993 -4.619398 -1.35299   0.732235 -4.619398 -1.767767  1.96424  -4.157348 -1.964238
panel t  0.68975  -4.903926 -0.689749  0.373291 -4.903926 -0.9012    1.352993 -4.619398 -1.35299 
panel t  1.590951 -2.777851 -3.84089   1.76777  -1.913416 -4.267768  2.939692 -2.777851 -2.939689
panel t  1.876654  0.975452 -4.530638  1.76777   1.913417 -4.267768  3.467603  0.975452 -3.4676  
panel t  1.06304   4.157348 -2.566401  0.732236  4.619398 -1.767768  1.96424   4.157348 -1.964238
panel t  3.467603  0.975452 -3.4676    3.266411  1.913417 -3.266407  4.530641  0.975452 -1.876651
panel t  1.96424   4.157348 -1.964238  1.352993  4.619398 -1.352991  2.566403  4.157348 -1.063038
panel t  0.901202 -4.903926 -0.373289  0.68975  -4.903926 -0.689749  1.767769 -4.619398 -0.732233
panel t  2.939692 -2.777851 -2.939689  3.266411 -1.913416 -3.266407  3.840892 -2.777851 -1.590948
panel t  3.266411 -3.535534 -1.35299   2.500003 -3.535534 -2.5       3.840892 -2.777851 -1.590948
panel t  4.619401  0.       -1.913417  3.535537  0.       -3.535534  4.530641  0.975452 -1.876651
panel t  3.266411  3.535534 -1.35299   2.500003  3.535534 -2.5       2.566403  4.157348 -1.063038
panel t  1.96424  -4.157348 -1.964238  2.500003 -3.535534 -2.5       2.566403 -4.157348 -1.063038
panel t  4.530641 -0.975451 -1.876651  3.467603 -0.975451 -3.4676    4.619401  0.       -1.913417
panel t  3.840892  2.777851 -1.590948  2.939692  2.777851 -2.939689  3.266411  3.535534 -1.35299 
panel t  1.76777   4.619398 -0.732233  1.352993  4.619398 -1.352991  0.901203  4.903926 -0.37329 
panel t  1.767769 -4.619398 -0.732233  1.352993 -4.619398 -1.35299   2.566403 -4.157348 -1.063038
panel t  4.26777  -1.913416 -1.767766  3.266411 -1.913416 -3.266407  4.530641 -0.975451 -1.876651
panel t  4.26777   1.913417 -1.767766  3.266411  1.913417 -3.266407  3.840892  2.777851 -1.590948
panel t  1.913419 -4.619398  0.        1.767769 -4.619398 -0.732233   2.77785400e+00  -4.15734800e+00   1.00000000e-06
panel t   4.61940100e+00  -1.91341600e+00   2.00000000e-06  4.26777  -1.913416 -1.767766   4.90392900e+00  -9.75451000e-01   1.00000000e-06
panel t   4.61940100e+00   1.91341700e+00   2.00000000e-06  4.26777   1.913417 -1.767766   4.15735100e+00   2.77785100e+00   1.00000000e-06
panel t  1.76777   4.619398 -0.732233  0.901203  4.903926 -0.37329    1.91342000e+00   4.61939800e+00   1.00000000e-06
panel t  0.975454 -4.903926  0.        0.901202 -4.903926 -0.373289  1.913419 -4.619398  0.      
panel t  3.840892 -2.777851 -1.590948  4.26777  -1.913416 -1.767766   4.15735100e+00  -2.77785100e+00   1.00000000e-06
panel t  4.530641  0.975452 -1.876651  4.26777   1.913417 -1.767766   4.90392900e+00   9.75452000e-01   1.00000000e-06
panel t  2.566403  4.157348 -1.063038  1.76777   4.619398 -0.732233   2.77785400e+00   4.15734800e+00   1.00000000e-06
panel t   3.53553700e+00   3.53553400e+00   1.00000000e-06  3.266411  3.535534 -1.35299    2.77785400e+00   4.15734800e+00   1.00000000e-06
panel t   3.53553700e+00  -3.53553400e+00   1.00000000e-06  3.266411 -3.535534 -1.35299    4.15735100e+00  -2.77785100e+00   1.00000000e-06
panel t   5.00000300e+00   0.00000000e+00   1.00000000e-06  4.619401  0.       -1.913417   4.90392900e+00   9.75452000e-01   1.00000000e-06
panel t  4.530641 -0.975451 -1.876651  4.619401  0.       -1.913417   4.90392900e+00  -9.75451000e-01   1.00000000e-06
panel t   4.15735100e+00   2.77785100e+00   1.00000000e-06  3.840892  2.777851 -1.590948   3.53553700e+00   3.53553400e+00   1.00000000e-06
panel t   2.77785400e+00  -4.15734800e+00   1.00000000e-06  2.566403 -4.157348 -1.063038   3.53553700e+00  -3.53553400e+00   1.00000000e-06
panel t   2.77785400e+00  -4.15734800e+00   1.00000000e-06   3.53553700e+00  -3.53553400e+00   1.00000000e-06  2.566402 -4.157348  1.063039
panel t  4.530639 -0.975451  1.876653   4.90392900e+00  -9.75451000e-01   1.00000000e-06  4.6194    0.        1.913419
panel t  3.840891  2.777851  1.59095    4.15735100e+00   2.77785100e+00   1.00000000e-06  3.26641   3.535534  1.352992
panel t  4.267769  1.913417  1.767769   4.61940100e+00   1.91341700e+00   2.00000000e-06  3.840891  2.777851  1.59095 
panel t  1.76777   4.619398  0.732234   1.91342000e+00   4.61939800e+00   1.00000000e-06  0.901203  4.903926  0.37329 
panel t  1.767769 -4.619398  0.732234  1.913419 -4.619398  0.        2.566402 -4.157348  1.063039
panel t  4.267769 -1.913416  1.767769   4.61940100e+00  -1.91341600e+00   2.00000000e-06  4.530639 -0.975451  1.876653
panel t   4.15735100e+00  -2.77785100e+00   1.00000000e-06   4.61940100e+00  -1.91341600e+00   2.00000000e-06  3.840891 -2.777851  1.59095 
panel t   4.90392900e+00   9.75452000e-01   1.00000000e-06   4.61940100e+00   1.91341700e+00   2.00000000e-06  4.530639  0.975452  1.876653
panel t   2.77785400e+00   4.15734800e+00   1.00000000e-06   1.91342000e+00   4.61939800e+00   1.00000000e-06  2.566402  4.157348  1.063039
panel t  0.901202 -4.903926  0.37329   0.975454 -4.903926  0.        1.767769 -4.619398  0.732234
panel t  3.26641  -3.535534  1.352992   3.53553700e+00  -3.53553400e+00   1.00000000e-06  3.840891 -2.777851  1.59095 
panel t   5.00000300e+00   0.00000000e+00   1.00000000e-06   4.90392900e+00   9.75452000e-01   1.00000000e-06  4.6194    0.        1.913419
panel t  3.26641   3.535534  1.352992   3.53553700e+00   3.53553400e+00   1.00000000e-06  2.566402  4.157348  1.063039
panel t  3.535535  0.        3.535536  4.6194    0.        1.913419  3.467601  0.975452  3.467602
panel t  2.500001  3.535534  2.500002  3.26641   3.535534  1.352992  1.964239  4.157348  1.964239
panel t  2.500001 -3.535534  2.500002  3.26641  -3.535534  1.352992  2.939691 -2.777851  2.939691
panel t  2.566402 -4.157348  1.063039  3.26641  -3.535534  1.352992  1.964239 -4.157348  1.964239
panel t  3.467601 -0.975451  3.467602  4.530639 -0.975451  1.876653  3.535535  0.        3.535536
panel t  3.840891  2.777851  1.59095   3.26641   3.535534  1.352992  2.939691  2.777851  2.939691
panel t  1.352992 -4.619398  1.352991  1.767769 -4.619398  0.732234  1.964239 -4.157348  1.964239
panel t  3.266408 -1.913416  3.266409  4.267769 -1.913416  1.767769  3.467601 -0.975451  3.467602
panel t  3.266408  1.913417  3.266409  4.267769  1.913417  1.767769  2.939691  2.777851  2.939691
panel t  1.352992  4.619398  1.352992  1.76777   4.619398  0.732234  0.689751  4.903926  0.68975 
panel t  2.566402  4.157348  1.063039  1.76777   4.619398  0.732234  1.964239  4.157348  1.964239
panel t  0.68975  -4.903926  0.689749  0.901202 -4.903926  0.37329   1.352992 -4.619398  1.352991
panel t  3.840891 -2.777851  1.59095   4.267769 -1.913416  1.767769  2.939691 -2.777851  2.939691
panel t  4.530639  0.975452  1.876653  4.267769  1.913417  1.767769  3.467601  0.975452  3.467602
panel t  0.373291 -4.903926  0.9012    0.68975  -4.903926  0.689749  0.732234 -4.619398  1.767768
panel t  2.939691 -2.777851  2.939691  3.266408 -1.913416  3.266409  1.590949 -2.777851  3.84089 
panel t  3.467601  0.975452  3.467602  3.266408  1.913417  3.266409  1.876652  0.975452  4.530639
panel t  1.964239  4.157348  1.964239  1.352992  4.619398  1.352992  1.063039  4.157348  2.566401
panel t  1.352991 -3.535534  3.266409  2.500001 -3.535534  2.500002  1.590949 -2.777851  3.84089 
panel t  3.535535  0.        3.535536  3.467601  0.975452  3.467602  1.913417  0.        4.619399
panel t  1.352991  3.535534  3.266409  2.500001  3.535534  2.500002  1.063039  4.157348  2.566401
panel t  2.939691  2.777851  2.939691  2.500001  3.535534  2.500002  1.590949  2.777851  3.84089 
panel t  1.964239 -4.157348  1.964239  2.500001 -3.535534  2.500002  1.063039 -4.157348  2.566401
panel t  1.876652 -0.975451  4.530639  3.467601 -0.975451  3.467602  1.913417  0.        4.619399
panel t  1.767767 -1.913416  4.267768  3.266408 -1.913416  3.266409  1.876652 -0.975451  4.530639
panel t  1.767767  1.913417  4.267768  3.266408  1.913417  3.266409  1.590949  2.777851  3.84089 
panel t  0.732234  4.619398  1.767769  1.352992  4.619398  1.352992  0.373291  4.903926  0.901201
panel t  0.732234 -4.619398  1.767768  1.352992 -4.619398  1.352991  1.063039 -4.157348  2.566401
panel t  0.732234  4.619398  1.767769  0.373291  4.903926  0.901201   1.00000000e-06   4.61939800e+00   1.91341900e+00
panel t   1.00000000e-06  -4.61939800e+00   1.91341700e+00  0.732234 -4.619398  1.767768   1.00000000e-06  -4.15734800e+00   2.77785200e+00
panel t -0.       -1.913416  4.619398  1.767767 -1.913416  4.267768 -0.       -0.975451  4.903927
panel t -0.        1.913417  4.619398  1.767767  1.913417  4.267768  0.        2.777851  4.157349
panel t  1.876652  0.975452  4.530639  1.767767  1.913417  4.267768 -0.        0.975452  4.903927
panel t  1.063039  4.157348  2.566401  0.732234  4.619398  1.767769   1.00000000e-06   4.15734800e+00   2.77785200e+00
panel t   1.00000000e-06  -4.90392600e+00   9.75452000e-01  0.373291 -4.903926  0.9012     1.00000000e-06  -4.61939800e+00   1.91341700e+00
panel t  1.590949 -2.777851  3.84089   1.767767 -1.913416  4.267768  0.       -2.777851  4.157349
panel t  0.       -3.535534  3.535535  1.352991 -3.535534  3.266409  0.       -2.777851  4.157349
panel t  1.913417  0.        4.619399  1.876652  0.975452  4.530639  -1.00000000e-06   0.00000000e+00   5.00000000e+00
panel t  0.        3.535534  3.535535  1.352991  3.535534  3.266409   1.00000000e-06   4.15734800e+00   2.77785200e+00
panel t  1.063039 -4.157348  2.566401  1.352991 -3.535534  3.266409   1.00000000e-06  -4.15734800e+00   2.77785200e+00
panel t -0.       -0.975451  4.903927  1.876652 -0.975451  4.530639  -1.00000000e-06   0.00000000e+00   5.00000000e+00
panel t  1.590949  2.777851  3.84089   1.352991  3.535534  3.266409  0.        2.777851  4.157349
panel t -1.876652 -0.975451  4.530637 -0.       -0.975451  4.903927 -1.913418  0.        4.619397
panel t  0.        2.777851  4.157349  0.        3.535534  3.535535 -1.590949  2.777851  3.840889
panel t   1.00000000e-06  -4.15734800e+00   2.77785200e+00  0.       -3.535534  3.535535 -1.063037 -4.157348  2.5664  
panel t -0.732232 -4.619398  1.767767   1.00000000e-06  -4.61939800e+00   1.91341700e+00 -1.063037 -4.157348  2.5664  
panel t -1.767768 -1.913416  4.267766 -0.       -1.913416  4.619398 -1.876652 -0.975451  4.530637
panel t -1.767768  1.913417  4.267766 -0.        1.913417  4.619398 -1.590949  2.777851  3.840889
panel t   1.00000000e-06   4.61939800e+00   1.91341900e+00   1.00000000e-06   4.90392600e+00   9.75453000e-01 -0.732233  4.619398  1.767768
panel t -0.373288 -4.903926  0.9012     1.00000000e-06  -4.90392600e+00   9.75452000e-01 -0.732232 -4.619398  1.767767
panel t  0.       -2.777851  4.157349 -0.       -1.913416  4.619398 -1.590949 -2.777851  3.840889
panel t -0.        0.975452  4.903927 -0.        1.913417  4.619398 -1.876652  0.975452  4.530637
panel t   1.00000000e-06   4.15734800e+00   2.77785200e+00   1.00000000e-06   4.61939800e+00   1.91341900e+00 -1.063037  4.157348  2.566401
panel t -1.352991  3.535534  3.266408  0.        3.535534  3.535535 -1.063037  4.157348  2.566401
panel t -1.352991 -3.535534  3.266408  0.       -3.535534  3.535535 -1.590949 -2.777851  3.840889
panel t -1.913418  0.        4.619397  -1.00000000e-06   0.00000000e+00   5.00000000e+00 -1.876652  0.975452  4.530637
panel t -2.5      -3.535534  2.5      -1.352991 -3.535534  3.266408 -2.939689 -2.777851  2.939688
panel t -3.535534  0.        3.535532 -1.913418  0.        4.619397 -3.4676    0.975452  3.467599
panel t -2.5       3.535534  2.5      -1.352991  3.535534  3.266408 -1.964237  4.157348  1.964237
panel t -1.063037 -4.157348  2.5664   -1.352991 -3.535534  3.266408 -1.964237 -4.157348  1.964237
panel t -3.4676   -0.975451  3.467599 -1.876652 -0.975451  4.530637 -3.535534  0.        3.535532
panel t -1.590949  2.777851  3.840889 -1.352991  3.535534  3.266408 -2.939689  2.777851  2.939688
panel t -3.266408  1.913417  3.266406 -1.767768  1.913417  4.267766 -2.939689  2.777851  2.939688
panel t -1.35299   4.619398  1.352991 -0.732233  4.619398  1.767768 -0.689748  4.903926  0.689749
panel t -1.352989 -4.619398  1.35299  -0.732232 -4.619398  1.767767 -1.964237 -4.157348  1.964237
panel t -3.266408 -1.913416  3.266406 -1.767768 -1.913416  4.267766 -3.4676   -0.975451  3.467599
panel t -1.590949 -2.777851  3.840889 -1.767768 -1.913416  4.267766 -2.939689 -2.777851  2.939688
panel t -1.876652  0.975452  4.530637 -1.767768  1.913417  4.267766 -3.4676    0.975452  3.467599
panel t -1.063037  4.157348  2.566401 -0.732233  4.619398  1.767768 -1.964237  4.157348  1.964237
panel t -0.689747 -4.903926  0.689748 -0.373288 -4.903926  0.9012   -1.352989 -4.619398  1.35299 
panel t -1.964237  4.157348  1.964237 -1.35299   4.619398  1.352991 -2.5664    4.157348  1.063037
panel t -0.901199 -4.903926  0.373289 -0.689747 -4.903926  0.689748 -1.767766 -4.619398  0.732232
panel t -2.939689 -2.777851  2.939688 -3.266408 -1.913416  3.266406 -3.840889 -2.777851  1.590947
panel t -3.4676    0.975452  3.467599 -3.266408  1.913417  3.266406 -4.530637  0.975452  1.876649
panel t -3.535534  0.        3.535532 -3.4676    0.975452  3.467599 -4.619397  0.        1.913415
panel t -3.266407  3.535534  1.352989 -2.5       3.535534  2.5      -2.5664    4.157348  1.063037
panel t -2.5      -3.535534  2.5      -2.939689 -2.777851  2.939688 -3.266407 -3.535534  1.352989
panel t -1.964237 -4.157348  1.964237 -2.5      -3.535534  2.5      -2.566399 -4.157348  1.063037
panel t -4.530637 -0.975451  1.876649 -3.4676   -0.975451  3.467599 -4.619397  0.        1.913415
panel t -2.939689  2.777851  2.939688 -2.5       3.535534  2.5      -3.840889  2.777851  1.590947
panel t -1.767766 -4.619398  0.732232 -1.352989 -4.619398  1.35299  -2.566399 -4.157348  1.063037
panel t -4.267766 -1.913416  1.767765 -3.266408 -1.913416  3.266406 -4.530637 -0.975451  1.876649
panel t -4.267766  1.913417  1.767765 -3.266408  1.913417  3.266406 -3.840889  2.777851  1.590947
panel t -1.767767  4.619398  0.732233 -1.35299   4.619398  1.352991 -0.9012    4.903926  0.373289
panel t -4.267766 -1.913416  1.767765 -4.530637 -0.975451  1.876649 -4.619398 -1.913416  0.      
panel t -4.619398  1.913417  0.       -4.267766  1.913417  1.767765 -4.157348  2.777851  0.      
panel t -1.913417  4.619398  0.       -1.767767  4.619398  0.732233 -0.975452  4.903926  0.      
panel t -1.767766 -4.619398  0.732232 -2.566399 -4.157348  1.063037 -1.913416 -4.619398  0.      
panel t -0.901199 -4.903926  0.373289 -1.767766 -4.619398  0.732232 -0.97545  -4.903926  0.      
panel t -3.840889 -2.777851  1.590947 -4.267766 -1.913416  1.767765 -4.157348 -2.777851  0.      
panel t -4.903926  0.975452  0.       -4.530637  0.975452  1.876649 -4.619398  1.913417  0.      
panel t -2.777851  4.157348  0.       -2.5664    4.157348  1.063037 -1.913417  4.619398  0.      
panel t -3.266407 -3.535534  1.352989 -3.840889 -2.777851  1.590947 -3.535534 -3.535534  0.      
panel t -5.  0.  0. -4.619397  0.        1.913415 -4.903926  0.975452  0.      
panel t -3.535534  3.535534  0.       -3.266407  3.535534  1.352989 -2.777851  4.157348  0.      
panel t -4.157348  2.777851  0.       -3.840889  2.777851  1.590947 -3.535534  3.535534  0.      
panel t -2.566399 -4.157348  1.063037 -3.266407 -3.535534  1.352989 -2.777851 -4.157348  0.      
panel t -4.530637 -0.975451  1.876649 -4.619397  0.        1.913415 -4.903926 -0.975451  0.      

end_file
