panel t -1.414214  1.414214  0.       -1.38704   1.414214 -0.2759   -1.630986  1.11114  -0.324423
panel t -1.11114   1.662939  0.       -0.765367  1.847759  0.       -0.750661  1.847759 -0.149316
panel t -1.11114  -1.662939  0.       -1.08979  -1.662939 -0.216773 -0.75066  -1.847759 -0.149316
panel t -1.414214 -1.414214  0.       -1.662939 -1.11114   0.       -1.630986 -1.11114  -0.324423
panel t -1.847759 -0.765367  0.       -1.961571 -0.39018   0.       -1.92388  -0.39018  -0.382684
panel t -1.961571  0.390181  0.       -1.923879  0.390181 -0.382684 -1.961571  0.       -0.390181
panel t -1.662939  1.11114   0.       -1.630986  1.11114  -0.324423 -1.812255  0.765367 -0.36048 
panel t -1.11114   1.662939  0.       -1.08979   1.662939 -0.216773 -1.38704   1.414214 -0.2759  
panel t -0.765367 -1.847759  0.       -0.75066  -1.847759 -0.149316 -0.382683 -1.961571 -0.076121
panel t -0.390181  1.961571  0.       -0.382683  1.961571 -0.076121 -0.750661  1.847759 -0.149316
panel t -1.414214 -1.414214  0.       -1.38704  -1.414214 -0.275899 -1.08979  -1.662939 -0.216773
panel t -1.847759 -0.765367  0.       -1.812255 -0.765367 -0.36048  -1.630986 -1.11114  -0.324423
panel t -2.  0.  0. -1.961571  0.       -0.390181 -1.92388  -0.39018  -0.382684
panel t -1.961571  0.390181  0.       -1.847759  0.765367  0.       -1.812255  0.765367 -0.36048 
panel t -1.812255 -0.765367 -0.36048  -1.707107 -0.765367 -0.707107 -1.536355 -1.11114  -0.63638 
panel t -1.92388  -0.39018  -0.382684 -1.961571  0.       -0.390181 -1.847759  0.       -0.765367
panel t -1.812255  0.765367 -0.36048  -1.707107  0.765367 -0.707107 -1.812255  0.390181 -0.750661
panel t -1.38704   1.414214 -0.2759   -1.306563  1.414214 -0.541196 -1.536355  1.11114  -0.636379
panel t -1.08979   1.662939 -0.216773 -0.750661  1.847759 -0.149316 -0.707107  1.847759 -0.292893
panel t -0.75066  -1.847759 -0.149316 -1.08979  -1.662939 -0.216773 -1.02656  -1.662939 -0.425215
panel t -1.38704  -1.414214 -0.275899 -1.630986 -1.11114  -0.324423 -1.536355 -1.11114  -0.63638 
panel t -1.812255 -0.765367 -0.36048  -1.92388  -0.39018  -0.382684 -1.812255 -0.39018  -0.750661
panel t -1.923879  0.390181 -0.382684 -1.812255  0.390181 -0.750661 -1.847759  0.       -0.765367
panel t -1.630986  1.11114  -0.324423 -1.536355  1.11114  -0.636379 -1.707107  0.765367 -0.707107
panel t -1.08979   1.662939 -0.216773 -1.02656   1.662939 -0.425215 -1.306563  1.414214 -0.541196
panel t -0.382683 -1.961571 -0.076121 -0.75066  -1.847759 -0.149316 -0.707106 -1.847759 -0.292893
panel t -0.382683  1.961571 -0.076121 -0.36048   1.961571 -0.149316 -0.707107  1.847759 -0.292893
panel t -1.38704  -1.414214 -0.275899 -1.306563 -1.414214 -0.541196 -1.02656  -1.662939 -0.425215
panel t -1.536355 -1.11114  -0.63638  -1.707107 -0.765367 -0.707107 -1.536355 -0.765367 -1.02656 
panel t -1.847759  0.       -0.765367 -1.662939  0.       -1.111141 -1.630986 -0.39018  -1.08979 
panel t -1.707107  0.765367 -0.707107 -1.536355  0.765367 -1.02656  -1.630986  0.390181 -1.08979 
panel t -1.536355  1.11114  -0.636379 -1.306563  1.414214 -0.541196 -1.175876  1.414214 -0.785695
panel t -0.707107  1.847759 -0.292893 -0.636379  1.847759 -0.425215 -0.923879  1.662939 -0.617317
panel t -1.02656  -1.662939 -0.425215 -0.923879 -1.662939 -0.617317 -0.636379 -1.847759 -0.425215
panel t -1.306563 -1.414214 -0.541196 -1.536355 -1.11114  -0.63638  -1.382683 -1.11114  -0.92388 
panel t -1.812255 -0.39018  -0.750661 -1.630986 -0.39018  -1.08979  -1.536355 -0.765367 -1.02656 
panel t -1.812255  0.390181 -0.750661 -1.630986  0.390181 -1.08979  -1.662939  0.       -1.111141
panel t -1.536355  1.11114  -0.636379 -1.382683  1.11114  -0.92388  -1.536355  0.765367 -1.02656 
panel t -1.02656   1.662939 -0.425215 -0.923879  1.662939 -0.617317 -1.175876  1.414214 -0.785695
panel t -0.707106 -1.847759 -0.292893 -0.636379 -1.847759 -0.425215 -0.324423 -1.961571 -0.216773
panel t -0.707107  1.847759 -0.292893 -0.36048   1.961571 -0.149316 -0.324423  1.961571 -0.216773
panel t -1.306563 -1.414214 -0.541196 -1.175875 -1.414214 -0.785695 -0.923879 -1.662939 -0.617317
panel t -1.382683 -1.11114  -0.92388  -1.536355 -0.765367 -1.02656  -1.306563 -0.765367 -1.306563
panel t -1.662939  0.       -1.111141 -1.414213  0.       -1.414214 -1.387039 -0.39018  -1.38704 
panel t -1.630986  0.390181 -1.08979  -1.536355  0.765367 -1.02656  -1.306563  0.765367 -1.306563
panel t -1.382683  1.11114  -0.92388  -1.175876  1.414214 -0.785695 -1.        1.414214 -1.      
panel t -0.636379  1.847759 -0.425215 -0.541196  1.847759 -0.541197 -0.785695  1.662939 -0.785695
panel t -0.923879 -1.662939 -0.617317 -0.785695 -1.662939 -0.785695 -0.541196 -1.847759 -0.541196
panel t -1.382683 -1.11114  -0.92388  -1.175875 -1.11114  -1.175876 -1.       -1.414214 -1.      
panel t -1.630986 -0.39018  -1.08979  -1.387039 -0.39018  -1.38704  -1.306563 -0.765367 -1.306563
panel t -1.662939  0.       -1.111141 -1.630986  0.390181 -1.08979  -1.387039  0.390181 -1.38704 
panel t -1.382683  1.11114  -0.92388  -1.175875  1.11114  -1.175876 -1.306563  0.765367 -1.306563
panel t -0.923879  1.662939 -0.617317 -0.785695  1.662939 -0.785695 -1.        1.414214 -1.      
panel t -0.636379 -1.847759 -0.425215 -0.541196 -1.847759 -0.541196 -0.275899 -1.961571 -0.275899
panel t -0.324423  1.961571 -0.216773 -0.275899  1.961571 -0.2759   -0.541196  1.847759 -0.541197
panel t -1.175875 -1.414214 -0.785695 -1.       -1.414214 -1.       -0.785695 -1.662939 -0.785695
panel t -1.175875 -1.11114  -1.175876 -1.306563 -0.765367 -1.306563 -1.02656  -0.765367 -1.536356
panel t -1.414213  0.       -1.414214 -1.11114  0.      -1.66294 -1.08979  -0.39018  -1.630987
panel t -1.387039  0.390181 -1.38704  -1.306563  0.765367 -1.306563 -1.02656   0.765367 -1.536356
panel t -1.        1.414214 -1.       -0.785695  1.414214 -1.175876 -0.923879  1.11114  -1.382684
panel t -0.541196  1.847759 -0.541197 -0.425215  1.847759 -0.63638  -0.617316  1.662939 -0.92388 
panel t -0.785695 -1.662939 -0.785695 -0.617316 -1.662939 -0.92388  -0.425215 -1.847759 -0.63638 
panel t -1.175875 -1.11114  -1.175876 -0.923879 -1.11114  -1.382684 -0.785695 -1.414214 -1.175876
panel t -1.387039 -0.39018  -1.38704  -1.08979  -0.39018  -1.630987 -1.02656  -0.765367 -1.536356
panel t -1.414213  0.       -1.414214 -1.387039  0.390181 -1.38704  -1.08979   0.390181 -1.630987
panel t -1.175875  1.11114  -1.175876 -0.923879  1.11114  -1.382684 -1.02656   0.765367 -1.536356
panel t -0.785695  1.662939 -0.785695 -0.617316  1.662939 -0.92388  -0.785695  1.414214 -1.175876
panel t -0.541196 -1.847759 -0.541196 -0.425215 -1.847759 -0.63638  -0.216772 -1.961571 -0.324423
panel t -0.275899  1.961571 -0.2759   -0.216772  1.961571 -0.324424 -0.425215  1.847759 -0.63638 
panel t -0.785695 -1.662939 -0.785695 -1.       -1.414214 -1.       -0.785695 -1.414214 -1.175876
panel t -0.923879 -1.11114  -1.382684 -1.02656  -0.765367 -1.536356 -0.707106 -0.765367 -1.707107
panel t -1.11114  0.      -1.66294 -0.765366  0.       -1.847759 -0.75066  -0.39018  -1.812255
panel t -1.08979   0.390181 -1.630987 -1.02656   0.765367 -1.536356 -0.707106  0.765367 -1.707107
panel t -0.785695  1.414214 -1.175876 -0.541196  1.414214 -1.306563 -0.636379  1.11114  -1.536356
panel t -0.425215  1.847759 -0.63638  -0.292893  1.847759 -0.707107 -0.425215  1.662939 -1.02656 
panel t -0.425215 -1.847759 -0.63638  -0.617316 -1.662939 -0.92388  -0.425215 -1.662939 -1.02656 
panel t -0.785695 -1.414214 -1.175876 -0.923879 -1.11114  -1.382684 -0.636379 -1.11114  -1.536356
panel t -1.08979  -0.39018  -1.630987 -0.75066  -0.39018  -1.812255 -0.707106 -0.765367 -1.707107
panel t -1.08979   0.390181 -1.630987 -0.75066   0.390181 -1.812255 -0.765366  0.       -1.847759
panel t -0.923879  1.11114  -1.382684 -0.636379  1.11114  -1.536356 -0.707106  0.765367 -1.707107
panel t -0.617316  1.662939 -0.92388  -0.425215  1.662939 -1.02656  -0.541196  1.414214 -1.306563
panel t -0.425215 -1.847759 -0.63638  -0.292893 -1.847759 -0.707107 -0.149315 -1.961571 -0.36048 
panel t -0.216772  1.961571 -0.324424 -0.149315  1.961571 -0.36048  -0.292893  1.847759 -0.707107
panel t -0.785695 -1.414214 -1.175876 -0.541196 -1.414214 -1.306563 -0.425215 -1.662939 -1.02656 
panel t -0.636379 -1.11114  -1.536356 -0.707106 -0.765367 -1.707107 -0.36048  -0.765367 -1.812255
panel t -0.765366  0.       -1.847759 -0.39018   0.       -1.961571 -0.382683 -0.39018  -1.92388 
panel t -0.75066   0.390181 -1.812255 -0.707106  0.765367 -1.707107 -0.36048   0.765367 -1.812255
panel t -0.636379  1.11114  -1.536356 -0.541196  1.414214 -1.306563 -0.275899  1.414214 -1.38704 
panel t -0.292893  1.847759 -0.707107 -0.149315  1.847759 -0.750661 -0.216772  1.662939 -1.089791
panel t -0.425215 -1.662939 -1.02656  -0.216772 -1.662939 -1.089791 -0.149315 -1.847759 -0.750661
panel t -0.541196 -1.414214 -1.306563 -0.636379 -1.11114  -1.536356 -0.324423 -1.11114  -1.630987
panel t -0.75066  -0.39018  -1.812255 -0.382683 -0.39018  -1.92388  -0.36048  -0.765367 -1.812255
panel t -0.75066   0.390181 -1.812255 -0.382683  0.390181 -1.92388  -0.39018   0.       -1.961571
panel t -0.636379  1.11114  -1.536356 -0.324423  1.11114  -1.630986 -0.36048   0.765367 -1.812255
panel t -0.425215  1.662939 -1.02656  -0.216772  1.662939 -1.089791 -0.275899  1.414214 -1.38704 
panel t -0.292893 -1.847759 -0.707107 -0.149315 -1.847759 -0.750661 -0.07612  -1.961571 -0.382684
panel t -0.149315  1.961571 -0.36048  -0.07612   1.961571 -0.382684 -0.149315  1.847759 -0.750661
panel t -0.541196 -1.414214 -1.306563 -0.275899 -1.414214 -1.38704  -0.216772 -1.662939 -1.089791
panel t -0.324423 -1.11114  -1.630987 -0.36048  -0.765367 -1.812255  0.       -0.765367 -1.847759
panel t -0.382683 -0.39018  -1.92388  -0.39018   0.       -1.961571   1.00000000e-06   0.00000000e+00  -2.00000000e+00
panel t -0.382683  0.390181 -1.92388  -0.36048   0.765367 -1.812255  0.        0.765367 -1.847759
panel t -0.324423  1.11114  -1.630986 -0.275899  1.414214 -1.38704    1.00000000e-06   1.41421400e+00  -1.41421400e+00
panel t -0.149315  1.847759 -0.750661   1.00000000e-06   1.84775900e+00  -7.65367000e-01   1.00000000e-06   1.66293900e+00  -1.11114100e+00
panel t -0.149315 -1.847759 -0.750661 -0.216772 -1.662939 -1.089791   1.00000000e-06  -1.66293900e+00  -1.11114100e+00
panel t -0.324423 -1.11114  -1.630987   1.00000000e-06  -1.11114000e+00  -1.66294000e+00   1.00000000e-06  -1.41421400e+00  -1.41421400e+00
panel t -0.382683 -0.39018  -1.92388    1.00000000e-06  -3.90180000e-01  -1.96157100e+00  0.       -0.765367 -1.847759
panel t -0.382683  0.390181 -1.92388    1.00000000e-06   3.90181000e-01  -1.96157100e+00   1.00000000e-06   0.00000000e+00  -2.00000000e+00
panel t -0.324423  1.11114  -1.630986   1.00000000e-06   1.11114000e+00  -1.66293900e+00  0.        0.765367 -1.847759
panel t -0.216772  1.662939 -1.089791   1.00000000e-06   1.66293900e+00  -1.11114100e+00   1.00000000e-06   1.41421400e+00  -1.41421400e+00
panel t -0.149315 -1.847759 -0.750661   1.00000000e-06  -1.84775900e+00  -7.65367000e-01   1.00000000e-06  -1.96157100e+00  -3.90181000e-01
panel t -0.07612   1.961571 -0.382684   1.00000000e-06   1.96157100e+00  -3.90181000e-01   1.00000000e-06   1.84775900e+00  -7.65367000e-01
panel t -0.216772 -1.662939 -1.089791 -0.275899 -1.414214 -1.38704    1.00000000e-06  -1.41421400e+00  -1.41421400e+00
panel t   1.00000000e-06  -1.11114000e+00  -1.66294000e+00  0.       -0.765367 -1.847759  0.36048  -0.765367 -1.812255
panel t   1.00000000e-06   0.00000000e+00  -2.00000000e+00  0.390181  0.       -1.961571  0.382684 -0.39018  -1.923879
panel t   1.00000000e-06   3.90181000e-01  -1.96157100e+00  0.        0.765367 -1.847759  0.36048   0.765367 -1.812255
panel t   1.00000000e-06   1.41421400e+00  -1.41421400e+00  0.2759    1.414214 -1.38704   0.324424  1.11114  -1.630986
panel t   1.00000000e-06   1.84775900e+00  -7.65367000e-01  0.149316  1.847759 -0.750661  0.216773  1.662939 -1.089791
panel t   1.00000000e-06  -1.66293900e+00  -1.11114100e+00  0.216773 -1.662939 -1.08979   0.149316 -1.847759 -0.750661
panel t   1.00000000e-06  -1.11114000e+00  -1.66294000e+00  0.324424 -1.11114  -1.630987  0.2759   -1.414214 -1.38704 
panel t   1.00000000e-06  -3.90180000e-01  -1.96157100e+00  0.382684 -0.39018  -1.923879  0.36048  -0.765367 -1.812255
panel t   1.00000000e-06   3.90181000e-01  -1.96157100e+00  0.382684  0.390181 -1.923879  0.390181  0.       -1.961571
panel t   1.00000000e-06   1.11114000e+00  -1.66293900e+00  0.324424  1.11114  -1.630986  0.36048   0.765367 -1.812255
panel t   1.00000000e-06   1.66293900e+00  -1.11114100e+00  0.216773  1.662939 -1.089791  0.2759    1.414214 -1.38704 
panel t   1.00000000e-06  -1.84775900e+00  -7.65367000e-01  0.149316 -1.847759 -0.750661  0.076121 -1.961571 -0.382684
panel t   1.00000000e-06   1.96157100e+00  -3.90181000e-01  0.076121  1.961571 -0.382684  0.149316  1.847759 -0.750661
panel t   1.00000000e-06  -1.66293900e+00  -1.11114100e+00   1.00000000e-06  -1.41421400e+00  -1.41421400e+00  0.2759   -1.414214 -1.38704 
panel t  0.324424 -1.11114  -1.630987  0.36048  -0.765367 -1.812255  0.707107 -0.765367 -1.707107
panel t  0.390181  0.       -1.961571  0.765368  0.       -1.847759  0.750661 -0.39018  -1.812255
panel t  0.382684  0.390181 -1.923879  0.36048   0.765367 -1.812255  0.707107  0.765367 -1.707107
panel t  0.324424  1.11114  -1.630986  0.2759    1.414214 -1.38704   0.541197  1.414214 -1.306563
panel t  0.149316  1.847759 -0.750661  0.292894  1.847759 -0.707107  0.425216  1.662939 -1.02656 
panel t  0.149316 -1.847759 -0.750661  0.216773 -1.662939 -1.08979   0.425216 -1.662939 -1.02656 
panel t  0.324424 -1.11114  -1.630987  0.63638  -1.11114  -1.536356  0.541197 -1.414214 -1.306563
panel t  0.382684 -0.39018  -1.923879  0.750661 -0.39018  -1.812255  0.707107 -0.765367 -1.707107
panel t  0.382684  0.390181 -1.923879  0.750661  0.390181 -1.812255  0.765368  0.       -1.847759
panel t  0.324424  1.11114  -1.630986  0.63638   1.11114  -1.536355  0.707107  0.765367 -1.707107
panel t  0.216773  1.662939 -1.089791  0.425216  1.662939 -1.02656   0.541197  1.414214 -1.306563
panel t  0.149316 -1.847759 -0.750661  0.292894 -1.847759 -0.707107  0.149316 -1.961571 -0.36048 
panel t  0.076121  1.961571 -0.382684  0.149317  1.961571 -0.36048   0.292894  1.847759 -0.707107
panel t  0.2759   -1.414214 -1.38704   0.541197 -1.414214 -1.306563  0.425216 -1.662939 -1.02656 
panel t  0.63638  -1.11114  -1.536356  0.707107 -0.765367 -1.707107  1.026561 -0.765367 -1.536356
panel t  0.750661 -0.39018  -1.812255  0.765368  0.       -1.847759  1.111141  0.       -1.662939
panel t  0.750661  0.390181 -1.812255  0.707107  0.765367 -1.707107  1.026561  0.765367 -1.536356
panel t  0.63638   1.11114  -1.536355  0.541197  1.414214 -1.306563  0.785696  1.414214 -1.175876
panel t  0.292894  1.847759 -0.707107  0.425216  1.847759 -0.63638   0.617317  1.662939 -0.92388 
panel t  0.425216 -1.662939 -1.02656   0.617317 -1.662939 -0.92388   0.425216 -1.847759 -0.636379
panel t  0.63638  -1.11114  -1.536356  0.92388  -1.11114  -1.382684  0.785696 -1.414214 -1.175876
panel t  0.750661 -0.39018  -1.812255  1.089791 -0.39018  -1.630986  1.026561 -0.765367 -1.536356
panel t  0.750661  0.390181 -1.812255  1.089791  0.390181 -1.630986  1.111141  0.       -1.662939
panel t  0.63638   1.11114  -1.536355  0.92388   1.11114  -1.382683  1.026561  0.765367 -1.536356
panel t  0.425216  1.662939 -1.02656   0.617317  1.662939 -0.92388   0.785696  1.414214 -1.175876
panel t  0.149316 -1.961571 -0.36048   0.292894 -1.847759 -0.707107  0.425216 -1.847759 -0.636379
panel t  0.149317  1.961571 -0.36048   0.216774  1.961571 -0.324424  0.425216  1.847759 -0.63638 
panel t  0.425216 -1.662939 -1.02656   0.541197 -1.414214 -1.306563  0.785696 -1.414214 -1.175876
panel t  1.026561 -0.765367 -1.536356  1.306564 -0.765367 -1.306563  1.175876 -1.11114  -1.175876
panel t  1.111141  0.       -1.662939  1.414214  0.       -1.414214  1.38704 -0.39018 -1.38704
panel t  1.089791  0.390181 -1.630986  1.026561  0.765367 -1.536356  1.306564  0.765367 -1.306563
panel t  0.92388   1.11114  -1.382683  0.785696  1.414214 -1.175876  1.000001  1.414214 -1.      
panel t  0.425216  1.847759 -0.63638   0.541197  1.847759 -0.541196  0.785696  1.662939 -0.785695
panel t  0.617317 -1.662939 -0.92388   0.785696 -1.662939 -0.785695  0.541197 -1.847759 -0.541196
panel t  0.92388  -1.11114  -1.382684  1.175876 -1.11114  -1.175876  1.000001 -1.414214 -1.      
panel t  1.089791 -0.39018  -1.630986  1.38704 -0.39018 -1.38704  1.306564 -0.765367 -1.306563
panel t  1.089791  0.390181 -1.630986  1.38704   0.390181 -1.38704   1.414214  0.       -1.414214
panel t  0.92388   1.11114  -1.382683  1.175876  1.11114  -1.175875  1.306564  0.765367 -1.306563
panel t  0.617317  1.662939 -0.92388   0.785696  1.662939 -0.785695  1.000001  1.414214 -1.      
panel t  0.216773 -1.961571 -0.324423  0.425216 -1.847759 -0.636379  0.541197 -1.847759 -0.541196
panel t  0.216774  1.961571 -0.324424  0.2759    1.961571 -0.2759    0.541197  1.847759 -0.541196
panel t  0.617317 -1.662939 -0.92388   0.785696 -1.414214 -1.175876  1.000001 -1.414214 -1.      
panel t  1.175876 -1.11114  -1.175876  1.306564 -0.765367 -1.306563  1.536356 -0.765367 -1.02656 
panel t  1.38704 -0.39018 -1.38704  1.414214  0.       -1.414214  1.66294  0.      -1.11114
panel t  1.38704   0.390181 -1.38704   1.306564  0.765367 -1.306563  1.536356  0.765367 -1.02656 
panel t  1.175876  1.11114  -1.175875  1.000001  1.414214 -1.        1.175876  1.414214 -0.785695
panel t  0.541197  1.847759 -0.541196  0.63638   1.847759 -0.425215  0.92388   1.662939 -0.617317
panel t  0.541197 -1.847759 -0.541196  0.785696 -1.662939 -0.785695  0.92388  -1.662939 -0.617317
panel t  1.175876 -1.11114  -1.175876  1.382684 -1.11114  -0.923879  1.175876 -1.414214 -0.785695
panel t  1.38704 -0.39018 -1.38704  1.630987 -0.39018  -1.08979   1.536356 -0.765367 -1.02656 
panel t  1.38704   0.390181 -1.38704   1.630987  0.390181 -1.08979   1.66294  0.      -1.11114
panel t  1.175876  1.11114  -1.175875  1.382684  1.11114  -0.923879  1.536356  0.765367 -1.02656 
panel t  0.785696  1.662939 -0.785695  0.92388   1.662939 -0.617317  1.175876  1.414214 -0.785695
panel t  0.2759   -1.961571 -0.275899  0.541197 -1.847759 -0.541196  0.63638  -1.847759 -0.425215
panel t  0.2759    1.961571 -0.2759    0.324424  1.961571 -0.216773  0.63638   1.847759 -0.425215
panel t  0.785696 -1.662939 -0.785695  1.000001 -1.414214 -1.        1.175876 -1.414214 -0.785695
panel t  1.382684 -1.11114  -0.923879  1.536356 -0.765367 -1.02656   1.707107 -0.765367 -0.707107
panel t  1.66294  0.      -1.11114  1.84776   0.       -0.765367  1.812255 -0.39018  -0.75066 
panel t  1.630987  0.390181 -1.08979   1.536356  0.765367 -1.02656   1.707107  0.765367 -0.707107
panel t  1.382684  1.11114  -0.923879  1.175876  1.414214 -0.785695  1.306564  1.414214 -0.541196
panel t  0.92388   1.662939 -0.617317  0.63638   1.847759 -0.425215  0.707108  1.847759 -0.292893
panel t  0.63638  -1.847759 -0.425215  0.92388  -1.662939 -0.617317  1.026561 -1.662939 -0.425215
panel t  1.382684 -1.11114  -0.923879  1.536356 -1.11114  -0.636379  1.306564 -1.414214 -0.541196
panel t  1.630987 -0.39018  -1.08979   1.812255 -0.39018  -0.75066   1.707107 -0.765367 -0.707107
panel t  1.630987  0.390181 -1.08979   1.812255  0.390181 -0.75066   1.84776   0.       -0.765367
panel t  1.382684  1.11114  -0.923879  1.536356  1.11114  -0.636379  1.707107  0.765367 -0.707107
panel t  0.92388   1.662939 -0.617317  1.026561  1.662939 -0.425215  1.306564  1.414214 -0.541196
panel t  0.63638  -1.847759 -0.425215  0.707107 -1.847759 -0.292893  0.360481 -1.961571 -0.149316
panel t  0.324424  1.961571 -0.216773  0.360481  1.961571 -0.149316  0.707108  1.847759 -0.292893
panel t  0.92388  -1.662939 -0.617317  1.175876 -1.414214 -0.785695  1.306564 -1.414214 -0.541196
panel t  1.536356 -1.11114  -0.636379  1.707107 -0.765367 -0.707107  1.812256 -0.765367 -0.36048 
panel t  1.84776   0.       -0.765367  1.961571  0.       -0.39018   1.92388  -0.39018  -0.382683
panel t  1.812255  0.390181 -0.75066   1.707107  0.765367 -0.707107  1.812256  0.765367 -0.36048 
panel t  1.536356  1.11114  -0.636379  1.306564  1.414214 -0.541196  1.387041  1.414214 -0.2759  
panel t  0.707108  1.847759 -0.292893  0.750661  1.847759 -0.149316  1.089791  1.662939 -0.216773
panel t  1.026561 -1.662939 -0.425215  1.089791 -1.662939 -0.216773  0.750661 -1.847759 -0.149316
panel t  1.536356 -1.11114  -0.636379  1.630987 -1.11114  -0.324423  1.38704  -1.414214 -0.275899
panel t  1.812255 -0.39018  -0.75066   1.92388  -0.39018  -0.382683  1.812256 -0.765367 -0.36048 
panel t  1.812255  0.390181 -0.75066   1.92388   0.390181 -0.382683  1.961571  0.       -0.39018 
panel t  1.536356  1.11114  -0.636379  1.630987  1.11114  -0.324423  1.812256  0.765367 -0.36048 
panel t  1.026561  1.662939 -0.425215  1.089791  1.662939 -0.216773  1.387041  1.414214 -0.2759  
panel t  0.360481 -1.961571 -0.149316  0.707107 -1.847759 -0.292893  0.750661 -1.847759 -0.149316
panel t  0.360481  1.961571 -0.149316  0.382684  1.961571 -0.076121  0.750661  1.847759 -0.149316
panel t  1.306564 -1.414214 -0.541196  1.38704  -1.414214 -0.275899  1.089791 -1.662939 -0.216773
panel t  1.630987 -1.11114  -0.324423  1.812256 -0.765367 -0.36048   1.84776  -0.765367 -0.      
panel t  1.961571  0.       -0.39018   2.000001  0.        0.        1.961571 -0.39018   0.      
panel t  1.92388   0.390181 -0.382683  1.812256  0.765367 -0.36048   1.84776   0.765367 -0.      
panel t  1.630987  1.11114  -0.324423  1.387041  1.414214 -0.2759    1.414214  1.414214 -0.      
panel t  0.750661  1.847759 -0.149316  0.765368  1.847759 -0.        1.111141  1.662939 -0.      
panel t  0.750661 -1.847759 -0.149316  1.089791 -1.662939 -0.216773  1.111141 -1.662939  0.      
panel t  1.630987 -1.11114  -0.324423  1.662939 -1.11114   0.        1.414214 -1.414214  0.      
panel t  1.92388  -0.39018  -0.382683  1.961571 -0.39018   0.        1.84776  -0.765367 -0.      
panel t  1.92388   0.390181 -0.382683  1.961571  0.390181  0.        2.000001  0.        0.      
panel t  1.630987  1.11114  -0.324423  1.662939  1.11114   0.        1.84776   0.765367 -0.      
panel t  1.089791  1.662939 -0.216773  1.111141  1.662939 -0.        1.414214  1.414214 -0.      
panel t  0.750661 -1.847759 -0.149316  0.765367 -1.847759 -0.        0.390181 -1.961571 -0.      
panel t  0.382684  1.961571 -0.076121  0.390182  1.961571  0.        0.765368  1.847759 -0.      
panel t  1.089791 -1.662939 -0.216773  1.38704  -1.414214 -0.275899  1.414214 -1.414214  0.      
panel t  1.662939 -1.11114   0.        1.84776  -0.765367 -0.        1.812256 -0.765367  0.36048 
panel t  2.000001  0.        0.        1.961571  0.        0.390181  1.92388  -0.39018   0.382684
panel t  1.961571  0.390181  0.        1.84776   0.765367 -0.        1.812256  0.765367  0.36048 
panel t  1.662939  1.11114   0.        1.414214  1.414214 -0.        1.387041  1.414214  0.275899
panel t  0.765368  1.847759 -0.        0.750661  1.847759  0.149316  1.089791  1.662939  0.216773
panel t  1.111141 -1.662939  0.        1.089791 -1.662939  0.216773  0.750661 -1.847759  0.149316
panel t  1.662939 -1.11114   0.        1.630986 -1.11114   0.324423  1.38704  -1.414214  0.275899
panel t  1.961571 -0.39018   0.        1.92388  -0.39018   0.382684  1.812256 -0.765367  0.36048 
panel t  1.961571  0.390181  0.        1.92388   0.390181  0.382684  1.961571  0.        0.390181
panel t  1.662939  1.11114   0.        1.630986  1.11114   0.324423  1.812256  0.765367  0.36048 
panel t  1.111141  1.662939 -0.        1.089791  1.662939  0.216773  1.387041  1.414214  0.275899
panel t  0.765367 -1.847759 -0.        0.750661 -1.847759  0.149316  0.382684 -1.961571  0.07612 
panel t  0.390182  1.961571  0.        0.382684  1.961571  0.076121  0.750661  1.847759  0.149316
panel t  1.414214 -1.414214  0.        1.38704  -1.414214  0.275899  1.089791 -1.662939  0.216773
panel t  1.630986 -1.11114   0.324423  1.812256 -0.765367  0.36048   1.707107 -0.765367  0.707107
panel t  1.92388  -0.39018   0.382684  1.961571  0.        0.390181  1.84776   0.        0.765367
panel t  1.92388   0.390181  0.382684  1.812256  0.765367  0.36048   1.707107  0.765367  0.707107
panel t  1.630986  1.11114   0.324423  1.387041  1.414214  0.275899  1.306564  1.414214  0.541196
panel t  0.750661  1.847759  0.149316  0.707107  1.847759  0.292893  1.026561  1.662939  0.425215
panel t  1.089791 -1.662939  0.216773  1.02656  -1.662939  0.425215  0.707107 -1.847759  0.292893
panel t  1.630986 -1.11114   0.324423  1.536355 -1.11114   0.636379  1.306563 -1.414214  0.541196
panel t  1.92388  -0.39018   0.382684  1.812255 -0.39018   0.750661  1.707107 -0.765367  0.707107
panel t  1.92388   0.390181  0.382684  1.812255  0.390181  0.750661  1.84776   0.        0.765367
panel t  1.630986  1.11114   0.324423  1.536355  1.11114   0.636379  1.707107  0.765367  0.707107
panel t  1.089791  1.662939  0.216773  1.026561  1.662939  0.425215  1.306564  1.414214  0.541196
panel t  0.382684 -1.961571  0.07612   0.750661 -1.847759  0.149316  0.707107 -1.847759  0.292893
panel t  0.382684  1.961571  0.076121  0.360481  1.961571  0.149316  0.707107  1.847759  0.292893
panel t  1.38704  -1.414214  0.275899  1.306563 -1.414214  0.541196  1.02656  -1.662939  0.425215
panel t  1.536355 -1.11114   0.636379  1.707107 -0.765367  0.707107  1.536356 -0.765367  1.02656 
panel t  1.84776   0.        0.765367  1.66294   0.        1.111141  1.630986 -0.39018   1.08979 
panel t  1.812255  0.390181  0.750661  1.707107  0.765367  0.707107  1.536356  0.765367  1.02656 
panel t  1.536355  1.11114   0.636379  1.306564  1.414214  0.541196  1.175876  1.414214  0.785695
panel t  0.707107  1.847759  0.292893  0.63638   1.847759  0.425215  0.92388   1.662939  0.617317
panel t  0.707107 -1.847759  0.292893  1.02656  -1.662939  0.425215  0.92388  -1.662939  0.617316
panel t  1.536355 -1.11114   0.636379  1.382683 -1.11114   0.923879  1.175876 -1.414214  0.785695
panel t  1.812255 -0.39018   0.750661  1.630986 -0.39018   1.08979   1.536356 -0.765367  1.02656 
panel t  1.812255  0.390181  0.750661  1.630986  0.390181  1.08979   1.66294   0.        1.111141
panel t  1.536355  1.11114   0.636379  1.382684  1.11114   0.923879  1.536356  0.765367  1.02656 
panel t  1.026561  1.662939  0.425215  0.92388   1.662939  0.617317  1.175876  1.414214  0.785695
panel t  0.36048  -1.961571  0.149316  0.707107 -1.847759  0.292893  0.63638  -1.847759  0.425215
panel t  0.360481  1.961571  0.149316  0.324424  1.961571  0.216773  0.63638   1.847759  0.425215
panel t  1.02656  -1.662939  0.425215  1.306563 -1.414214  0.541196  1.175876 -1.414214  0.785695
panel t  1.382683 -1.11114   0.923879  1.536356 -0.765367  1.02656   1.306563 -0.765367  1.306563
panel t  1.66294   0.        1.111141  1.414214  0.        1.414214  1.38704 -0.39018  1.38704
panel t  1.630986  0.390181  1.08979   1.536356  0.765367  1.02656   1.306563  0.765367  1.306563
panel t  1.382684  1.11114   0.923879  1.175876  1.414214  0.785695  1.000001  1.414214  1.      
panel t  0.63638   1.847759  0.425215  0.541197  1.847759  0.541196  0.785696  1.662939  0.785695
panel t  0.63638  -1.847759  0.425215  0.92388  -1.662939  0.617316  0.785695 -1.662939  0.785695
panel t  1.382683 -1.11114   0.923879  1.175876 -1.11114   1.175875  1.       -1.414214  1.      
panel t  1.630986 -0.39018   1.08979   1.38704 -0.39018  1.38704  1.306563 -0.765367  1.306563
panel t  1.66294   0.        1.111141  1.630986  0.390181  1.08979   1.38704   0.390181  1.38704 
panel t  1.382684  1.11114   0.923879  1.175876  1.11114   1.175875  1.306563  0.765367  1.306563
panel t  0.92388   1.662939  0.617317  0.785696  1.662939  0.785695  1.000001  1.414214  1.      
panel t  0.63638  -1.847759  0.425215  0.541197 -1.847759  0.541196  0.2759   -1.961571  0.275899
panel t  0.324424  1.961571  0.216773  0.2759    1.961571  0.2759    0.541197  1.847759  0.541196
panel t  1.175876 -1.414214  0.785695  1.       -1.414214  1.        0.785695 -1.662939  0.785695
panel t  1.175876 -1.11114   1.175875  1.306563 -0.765367  1.306563  1.026561 -0.765367  1.536355
panel t  1.414214  0.        1.414214  1.111141  0.        1.662939  1.08979  -0.39018   1.630986
panel t  1.38704   0.390181  1.38704   1.306563  0.765367  1.306563  1.026561  0.765367  1.536355
panel t  1.175876  1.11114   1.175875  1.000001  1.414214  1.        0.785696  1.414214  1.175876
panel t  0.541197  1.847759  0.541196  0.425216  1.847759  0.636379  0.617317  1.662939  0.92388 
panel t  0.541197 -1.847759  0.541196  0.785695 -1.662939  0.785695  0.617317 -1.662939  0.923879
panel t  1.175876 -1.11114   1.175875  0.92388  -1.11114   1.382683  0.785695 -1.414214  1.175876
panel t  1.38704 -0.39018  1.38704  1.08979  -0.39018   1.630986  1.026561 -0.765367  1.536355
panel t  1.38704   0.390181  1.38704   1.08979   0.390181  1.630986  1.111141  0.        1.662939
panel t  1.175876  1.11114   1.175875  0.92388   1.11114   1.382683  1.026561  0.765367  1.536355
panel t  0.785696  1.662939  0.785695  0.617317  1.662939  0.92388   0.785696  1.414214  1.175876
panel t  0.541197 -1.847759  0.541196  0.425215 -1.847759  0.636379  0.216773 -1.961571  0.324423
panel t  0.2759    1.961571  0.2759    0.216774  1.961571  0.324424  0.425216  1.847759  0.636379
panel t  1.       -1.414214  1.        0.785695 -1.414214  1.175876  0.617317 -1.662939  0.923879
panel t  0.92388  -1.11114   1.382683  1.026561 -0.765367  1.536355  0.707107 -0.765367  1.707107
panel t  1.111141  0.        1.662939  0.765367  0.        1.847759  0.75066  -0.39018   1.812254
panel t  1.08979   0.390181  1.630986  1.026561  0.765367  1.536355  0.707107  0.765367  1.707107
panel t  0.92388   1.11114   1.382683  0.785696  1.414214  1.175876  0.541197  1.414214  1.306563
panel t  0.425216  1.847759  0.636379  0.292894  1.847759  0.707107  0.425216  1.662939  1.02656 
panel t  0.425215 -1.847759  0.636379  0.617317 -1.662939  0.923879  0.425215 -1.662939  1.02656 
panel t  0.785695 -1.414214  1.175876  0.92388  -1.11114   1.382683  0.636379 -1.11114   1.536355
panel t  1.08979  -0.39018   1.630986  0.75066  -0.39018   1.812254  0.707107 -0.765367  1.707107
panel t  1.08979   0.390181  1.630986  0.75066   0.390181  1.812254  0.765367  0.        1.847759
panel t  0.92388   1.11114   1.382683  0.636379  1.11114   1.536355  0.707107  0.765367  1.707107
panel t  0.785696  1.414214  1.175876  0.617317  1.662939  0.92388   0.425216  1.662939  1.02656 
panel t  0.216773 -1.961571  0.324423  0.425215 -1.847759  0.636379  0.292894 -1.847759  0.707107
panel t  0.425216  1.847759  0.636379  0.216774  1.961571  0.324424  0.149316  1.961571  0.36048 
panel t  0.785695 -1.414214  1.175876  0.541197 -1.414214  1.306563  0.425215 -1.662939  1.02656 
panel t  0.636379 -1.11114   1.536355  0.707107 -0.765367  1.707107  0.360481 -0.765367  1.812255
panel t  0.765367  0.        1.847759  0.390181  0.        1.96157   0.382683 -0.39018   1.923879
panel t  0.75066   0.390181  1.812254  0.707107  0.765367  1.707107  0.360481  0.765367  1.812255
panel t  0.636379  1.11114   1.536355  0.541197  1.414214  1.306563  0.2759    1.414214  1.38704 
panel t  0.292894  1.847759  0.707107  0.149316  1.847759  0.75066   0.216773  1.662939  1.08979 
panel t  0.292894 -1.847759  0.707107  0.425215 -1.662939  1.02656   0.216773 -1.662939  1.08979 
panel t  0.636379 -1.11114   1.536355  0.324423 -1.11114   1.630986  0.2759   -1.414214  1.38704 
panel t  0.75066  -0.39018   1.812254  0.382683 -0.39018   1.923879  0.360481 -0.765367  1.812255
panel t  0.75066   0.390181  1.812254  0.382683  0.390181  1.923879  0.390181  0.        1.96157 
panel t  0.636379  1.11114   1.536355  0.324424  1.11114   1.630985  0.360481  0.765367  1.812255
panel t  0.425216  1.662939  1.02656   0.216773  1.662939  1.08979   0.2759    1.414214  1.38704 
panel t  0.292894 -1.847759  0.707107  0.149316 -1.847759  0.75066   0.076121 -1.961571  0.382683
panel t  0.149316  1.961571  0.36048   0.076121  1.961571  0.382684  0.149316  1.847759  0.75066 
panel t  0.541197 -1.414214  1.306563  0.2759   -1.414214  1.38704   0.216773 -1.662939  1.08979 
panel t  0.324423 -1.11114   1.630986  0.360481 -0.765367  1.812255   1.00000000e-06  -7.65367000e-01   1.84775900e+00
panel t  0.382683 -0.39018   1.923879  0.390181  0.        1.96157   0.  0.  2.
panel t  0.382683  0.390181  1.923879  0.360481  0.765367  1.812255   1.00000000e-06   7.65367000e-01   1.84775900e+00
panel t  0.324424  1.11114   1.630985  0.2759    1.414214  1.38704    1.00000000e-06   1.41421400e+00   1.41421400e+00
panel t  0.149316  1.847759  0.75066    1.00000000e-06   1.84775900e+00   7.65367000e-01   1.00000000e-06   1.66293900e+00   1.11114000e+00
panel t  0.216773 -1.662939  1.08979    1.00000000e-06  -1.66293900e+00   1.11114000e+00   1.00000000e-06  -1.84775900e+00   7.65366000e-01
panel t  0.324423 -1.11114   1.630986  0.       -1.11114   1.662938  0.       -1.414214  1.414213
panel t  0.382683 -0.39018   1.923879  0.      -0.39018  1.96157   1.00000000e-06  -7.65367000e-01   1.84775900e+00
panel t  0.382683  0.390181  1.923879  0.        0.390181  1.96157   0.  0.  2.
panel t  0.324424  1.11114   1.630985  0.        1.11114   1.662938   1.00000000e-06   7.65367000e-01   1.84775900e+00
panel t  0.216773  1.662939  1.08979    1.00000000e-06   1.66293900e+00   1.11114000e+00   1.00000000e-06   1.41421400e+00   1.41421400e+00
panel t  0.149316 -1.847759  0.75066    1.00000000e-06  -1.84775900e+00   7.65366000e-01   1.00000000e-06  -1.96157100e+00   3.90180000e-01
panel t  0.076121  1.961571  0.382684   1.00000000e-06   1.96157100e+00   3.90181000e-01   1.00000000e-06   1.84775900e+00   7.65367000e-01
panel t  0.216773 -1.662939  1.08979   0.2759   -1.414214  1.38704   0.       -1.414214  1.414213
panel t  0.       -1.11114   1.662938   1.00000000e-06  -7.65367000e-01   1.84775900e+00 -0.360479 -0.765367  1.812255
panel t  0.      -0.39018  1.96157  0.  0.  2. -0.39018  0.       1.96157
panel t  0.        0.390181  1.96157    1.00000000e-06   7.65367000e-01   1.84775900e+00 -0.360479  0.765367  1.812255
panel t  0.        1.11114   1.662938   1.00000000e-06   1.41421400e+00   1.41421400e+00 -0.275899  1.414214  1.38704 
panel t   1.00000000e-06   1.84775900e+00   7.65367000e-01 -0.149315  1.847759  0.75066  -0.216772  1.662939  1.08979 
panel t   1.00000000e-06  -1.66293900e+00   1.11114000e+00 -0.216772 -1.662939  1.08979  -0.149315 -1.847759  0.75066 
panel t  0.       -1.11114   1.662938 -0.324423 -1.11114   1.630985 -0.275899 -1.414214  1.38704 
panel t  0.      -0.39018  1.96157 -0.382683 -0.39018   1.923878 -0.360479 -0.765367  1.812255
panel t  0.        0.390181  1.96157  -0.382683  0.390181  1.923878 -0.39018  0.       1.96157
panel t  0.        1.11114   1.662938 -0.324423  1.11114   1.630985 -0.360479  0.765367  1.812255
panel t   1.00000000e-06   1.41421400e+00   1.41421400e+00   1.00000000e-06   1.66293900e+00   1.11114000e+00 -0.216772  1.662939  1.08979 
panel t   1.00000000e-06  -1.84775900e+00   7.65366000e-01 -0.149315 -1.847759  0.75066  -0.07612  -1.961571  0.382683
panel t   1.00000000e-06   1.96157100e+00   3.90181000e-01 -0.07612   1.961571  0.382684 -0.149315  1.847759  0.75066 
panel t  0.       -1.414214  1.414213 -0.275899 -1.414214  1.38704  -0.216772 -1.662939  1.08979 
panel t -0.324423 -1.11114   1.630985 -0.360479 -0.765367  1.812255 -0.707106 -0.765367  1.707107
panel t -0.39018  0.       1.96157 -0.765366  0.        1.847758 -0.75066  -0.39018   1.812254
panel t -0.382683  0.390181  1.923878 -0.360479  0.765367  1.812255 -0.707106  0.765367  1.707107
panel t -0.324423  1.11114   1.630985 -0.275899  1.414214  1.38704  -0.541196  1.414214  1.306563
panel t -0.216772  1.662939  1.08979  -0.149315  1.847759  0.75066  -0.292893  1.847759  0.707107
panel t -0.149315 -1.847759  0.75066  -0.216772 -1.662939  1.08979  -0.425214 -1.662939  1.026559
panel t -0.324423 -1.11114   1.630985 -0.636379 -1.11114   1.536355 -0.541196 -1.414214  1.306563
panel t -0.382683 -0.39018   1.923878 -0.75066  -0.39018   1.812254 -0.707106 -0.765367  1.707107
panel t -0.382683  0.390181  1.923878 -0.75066   0.390181  1.812254 -0.765366  0.        1.847758
panel t -0.324423  1.11114   1.630985 -0.636379  1.11114   1.536355 -0.707106  0.765367  1.707107
panel t -0.216772  1.662939  1.08979  -0.425214  1.662939  1.02656  -0.541196  1.414214  1.306563
panel t -0.149315 -1.847759  0.75066  -0.292893 -1.847759  0.707106 -0.149315 -1.961571  0.36048 
panel t -0.149315  1.847759  0.75066  -0.07612   1.961571  0.382684 -0.149315  1.961571  0.36048 
panel t -0.275899 -1.414214  1.38704  -0.541196 -1.414214  1.306563 -0.425214 -1.662939  1.026559
panel t -0.636379 -1.11114   1.536355 -0.707106 -0.765367  1.707107 -1.026559 -0.765367  1.536355
panel t -0.75066  -0.39018   1.812254 -0.765366  0.        1.847758 -1.11114   0.        1.662938
panel t -0.75066   0.390181  1.812254 -0.707106  0.765367  1.707107 -1.026559  0.765367  1.536355
panel t -0.636379  1.11114   1.536355 -0.541196  1.414214  1.306563 -0.785694  1.414214  1.175876
panel t -0.292893  1.847759  0.707107 -0.425214  1.847759  0.636379 -0.617316  1.662939  0.923879
panel t -0.425214 -1.662939  1.026559 -0.617316 -1.662939  0.923879 -0.425214 -1.847759  0.636379
panel t -0.636379 -1.11114   1.536355 -0.923879 -1.11114   1.382682 -0.785694 -1.414214  1.175875
panel t -0.75066  -0.39018   1.812254 -1.089789 -0.39018   1.630985 -1.026559 -0.765367  1.536355
panel t -0.75066   0.390181  1.812254 -1.089789  0.390181  1.630985 -1.11114   0.        1.662938
panel t -0.636379  1.11114   1.536355 -0.923879  1.11114   1.382682 -1.026559  0.765367  1.536355
panel t -0.425214  1.662939  1.02656  -0.617316  1.662939  0.923879 -0.785694  1.414214  1.175876
panel t -0.292893 -1.847759  0.707106 -0.425214 -1.847759  0.636379 -0.216772 -1.961571  0.324423
panel t -0.149315  1.961571  0.36048  -0.216772  1.961571  0.324424 -0.425214  1.847759  0.636379
panel t -0.541196 -1.414214  1.306563 -0.785694 -1.414214  1.175875 -0.617316 -1.662939  0.923879
panel t -0.923879 -1.11114   1.382682 -1.026559 -0.765367  1.536355 -1.306562 -0.765367  1.306563
panel t -1.089789 -0.39018   1.630985 -1.11114   0.        1.662938 -1.414213  0.        1.414213
panel t -1.089789  0.390181  1.630985 -1.026559  0.765367  1.536355 -1.306562  0.765367  1.306563
panel t -0.923879  1.11114   1.382682 -0.785694  1.414214  1.175876 -0.999999  1.414214  1.      
panel t -0.425214  1.847759  0.636379 -0.541195  1.847759  0.541196 -0.785694  1.662939  0.785695
panel t -0.617316 -1.662939  0.923879 -0.785694 -1.662939  0.785694 -0.541195 -1.847759  0.541196
panel t -0.923879 -1.11114   1.382682 -1.175875 -1.11114   1.175875 -0.999999 -1.414214  1.      
panel t -1.089789 -0.39018   1.630985 -1.387039 -0.39018   1.387039 -1.306562 -0.765367  1.306563
panel t -1.089789  0.390181  1.630985 -1.387039  0.390181  1.387039 -1.414213  0.        1.414213
panel t -0.923879  1.11114   1.382682 -1.175875  1.11114   1.175875 -1.306562  0.765367  1.306563
panel t -0.617316  1.662939  0.923879 -0.785694  1.662939  0.785695 -0.999999  1.414214  1.      
panel t -0.425214 -1.847759  0.636379 -0.541195 -1.847759  0.541196 -0.275899 -1.961571  0.275899
panel t -0.216772  1.961571  0.324424 -0.275899  1.961571  0.2759   -0.541195  1.847759  0.541196
panel t -0.785694 -1.414214  1.175875 -0.999999 -1.414214  1.       -0.785694 -1.662939  0.785694
panel t -1.175875 -1.11114   1.175875 -1.306562 -0.765367  1.306563 -1.536355 -0.765367  1.02656 
panel t -1.414213  0.        1.414213 -1.662938  0.        1.11114  -1.630985 -0.39018   1.089789
panel t -1.387039  0.390181  1.387039 -1.306562  0.765367  1.306563 -1.536355  0.765367  1.02656 
panel t -1.175875  1.11114   1.175875 -0.999999  1.414214  1.       -1.175875  1.414214  0.785695
panel t -0.541195  1.847759  0.541196 -0.636379  1.847759  0.425215 -0.923879  1.662939  0.617316
panel t -0.785694 -1.662939  0.785694 -0.923879 -1.662939  0.617316 -0.636378 -1.847759  0.425215
panel t -1.175875 -1.11114   1.175875 -1.382682 -1.11114   0.923879 -1.175875 -1.414214  0.785695
panel t -1.387039 -0.39018   1.387039 -1.630985 -0.39018   1.089789 -1.536355 -0.765367  1.02656 
panel t -1.414213  0.        1.414213 -1.387039  0.390181  1.387039 -1.630985  0.390181  1.089789
panel t -1.175875  1.11114   1.175875 -1.382682  1.11114   0.923879 -1.536355  0.765367  1.02656 
panel t -0.785694  1.662939  0.785695 -0.923879  1.662939  0.617316 -1.175875  1.414214  0.785695
panel t -0.541195 -1.847759  0.541196 -0.636378 -1.847759  0.425215 -0.324423 -1.961571  0.216773
panel t -0.275899  1.961571  0.2759   -0.324423  1.961571  0.216773 -0.636379  1.847759  0.425215
panel t -0.785694 -1.662939  0.785694 -0.999999 -1.414214  1.       -1.175875 -1.414214  0.785695
panel t -1.382682 -1.11114   0.923879 -1.536355 -0.765367  1.02656  -1.707106 -0.765367  0.707107
panel t -1.662938  0.        1.11114  -1.847758  0.        0.765366 -1.812253 -0.39018   0.75066 
panel t -1.630985  0.390181  1.089789 -1.536355  0.765367  1.02656  -1.707106  0.765367  0.707107
panel t -1.382682  1.11114   0.923879 -1.175875  1.414214  0.785695 -1.306562  1.414214  0.541196
panel t -0.636379  1.847759  0.425215 -0.707106  1.847759  0.292893 -1.026559  1.662939  0.425215
panel t -0.923879 -1.662939  0.617316 -1.026559 -1.662939  0.425215 -0.707106 -1.847759  0.292893
panel t -1.382682 -1.11114   0.923879 -1.536354 -1.11114   0.636378 -1.306562 -1.414214  0.541196
panel t -1.630985 -0.39018   1.089789 -1.812253 -0.39018   0.75066  -1.707106 -0.765367  0.707107
panel t -1.630985  0.390181  1.089789 -1.812253  0.390181  0.75066  -1.847758  0.        0.765366
panel t -1.382682  1.11114   0.923879 -1.536354  1.11114   0.636378 -1.707106  0.765367  0.707107
panel t -0.923879  1.662939  0.617316 -1.026559  1.662939  0.425215 -1.306562  1.414214  0.541196
panel t -0.636378 -1.847759  0.425215 -0.707106 -1.847759  0.292893 -0.360479 -1.961571  0.149316
panel t -0.636379  1.847759  0.425215 -0.324423  1.961571  0.216773 -0.36048   1.961571  0.149316
panel t -1.175875 -1.414214  0.785695 -1.306562 -1.414214  0.541196 -1.026559 -1.662939  0.425215
panel t -1.536354 -1.11114   0.636378 -1.707106 -0.765367  0.707107 -1.812254 -0.765367  0.36048 
panel t -1.847758  0.        0.765366 -1.961569  0.        0.39018  -1.923878 -0.39018   0.382683
panel t -1.812253  0.390181  0.75066  -1.707106  0.765367  0.707107 -1.812254  0.765367  0.36048 
panel t -1.536354  1.11114   0.636378 -1.306562  1.414214  0.541196 -1.387039  1.414214  0.275899
panel t -0.707106  1.847759  0.292893 -0.75066   1.847759  0.149315 -1.089789  1.662939  0.216772
panel t -0.707106 -1.847759  0.292893 -1.026559 -1.662939  0.425215 -1.089789 -1.662939  0.216772
panel t -1.536354 -1.11114   0.636378 -1.630985 -1.11114   0.324423 -1.387039 -1.414214  0.275899
panel t -1.812253 -0.39018   0.75066  -1.923878 -0.39018   0.382683 -1.812254 -0.765367  0.36048 
panel t -1.812253  0.390181  0.75066  -1.923878  0.390181  0.382683 -1.961569  0.        0.39018 
panel t -1.536354  1.11114   0.636378 -1.630985  1.11114   0.324423 -1.812254  0.765367  0.36048 
panel t -1.026559  1.662939  0.425215 -1.089789  1.662939  0.216772 -1.387039  1.414214  0.275899
panel t -0.707106 -1.847759  0.292893 -0.75066  -1.847759  0.149315 -0.382683 -1.961571  0.07612 
panel t -0.36048   1.961571  0.149316 -0.382683  1.961571  0.07612  -0.75066   1.847759  0.149315
panel t -1.306562 -1.414214  0.541196 -1.387039 -1.414214  0.275899 -1.089789 -1.662939  0.216772
panel t   1.00000000e-06  -2.00000000e+00   0.00000000e+00 -0.39018  -1.961571  0.       -0.382683 -1.961571 -0.076121
panel t -0.390181  1.961571  0.         0.00000000e+00   2.00000000e+00   1.00000000e-06 -0.382683  1.961571 -0.076121
panel t   1.00000000e-06  -2.00000000e+00   0.00000000e+00 -0.382683 -1.961571 -0.076121 -0.360479 -1.961571 -0.149316
panel t -0.382683  1.961571 -0.076121   0.00000000e+00   2.00000000e+00   1.00000000e-06 -0.36048   1.961571 -0.149316
panel t   1.00000000e-06  -2.00000000e+00   0.00000000e+00 -0.360479 -1.961571 -0.149316 -0.324423 -1.961571 -0.216773
panel t -0.36048   1.961571 -0.149316   0.00000000e+00   2.00000000e+00   1.00000000e-06 -0.324423  1.961571 -0.216773
panel t   1.00000000e-06  -2.00000000e+00   0.00000000e+00 -0.324423 -1.961571 -0.216773 -0.275899 -1.961571 -0.275899
panel t -0.324423  1.961571 -0.216773   0.00000000e+00   2.00000000e+00   1.00000000e-06 -0.275899  1.961571 -0.2759  
panel t   1.00000000e-06  -2.00000000e+00   0.00000000e+00 -0.275899 -1.961571 -0.275899 -0.216772 -1.961571 -0.324423
panel t -0.275899  1.961571 -0.2759     0.00000000e+00   2.00000000e+00   1.00000000e-06 -0.216772  1.961571 -0.324424
panel t   1.00000000e-06  -2.00000000e+00   0.00000000e+00 -0.216772 -1.961571 -0.324423 -0.149315 -1.961571 -0.36048 
panel t -0.216772  1.961571 -0.324424   0.00000000e+00   2.00000000e+00   1.00000000e-06 -0.149315  1.961571 -0.36048 
panel t   1.00000000e-06  -2.00000000e+00   0.00000000e+00 -0.149315 -1.961571 -0.36048  -0.07612  -1.961571 -0.382684
panel t -0.149315  1.961571 -0.36048    0.00000000e+00   2.00000000e+00   1.00000000e-06 -0.07612   1.961571 -0.382684
panel t   1.00000000e-06  -2.00000000e+00   0.00000000e+00 -0.07612  -1.961571 -0.382684   1.00000000e-06  -1.96157100e+00  -3.90181000e-01
panel t -0.07612   1.961571 -0.382684   0.00000000e+00   2.00000000e+00   1.00000000e-06   1.00000000e-06   1.96157100e+00  -3.90181000e-01
panel t   1.00000000e-06  -2.00000000e+00   0.00000000e+00   1.00000000e-06  -1.96157100e+00  -3.90181000e-01  0.076121 -1.961571 -0.382684
panel t   1.00000000e-06   1.96157100e+00  -3.90181000e-01   0.00000000e+00   2.00000000e+00   1.00000000e-06  0.076121  1.961571 -0.382684
panel t   1.00000000e-06  -2.00000000e+00   0.00000000e+00  0.076121 -1.961571 -0.382684  0.149316 -1.961571 -0.36048 
panel t  0.076121  1.961571 -0.382684   0.00000000e+00   2.00000000e+00   1.00000000e-06  0.149317  1.961571 -0.36048 
panel t   1.00000000e-06  -2.00000000e+00   0.00000000e+00  0.149316 -1.961571 -0.36048   0.216773 -1.961571 -0.324423
panel t  0.149317  1.961571 -0.36048    0.00000000e+00   2.00000000e+00   1.00000000e-06  0.216774  1.961571 -0.324424
panel t   1.00000000e-06  -2.00000000e+00   0.00000000e+00  0.216773 -1.961571 -0.324423  0.2759   -1.961571 -0.275899
panel t  0.216774  1.961571 -0.324424   0.00000000e+00   2.00000000e+00   1.00000000e-06  0.2759    1.961571 -0.2759  
panel t   1.00000000e-06  -2.00000000e+00   0.00000000e+00  0.2759   -1.961571 -0.275899  0.324424 -1.961571 -0.216773
panel t  0.2759    1.961571 -0.2759     0.00000000e+00   2.00000000e+00   1.00000000e-06  0.324424  1.961571 -0.216773
panel t   1.00000000e-06  -2.00000000e+00   0.00000000e+00  0.324424 -1.961571 -0.216773  0.360481 -1.961571 -0.149316
panel t  0.324424  1.961571 -0.216773   0.00000000e+00   2.00000000e+00   1.00000000e-06  0.360481  1.961571 -0.149316
panel t   1.00000000e-06  -2.00000000e+00   0.00000000e+00  0.360481 -1.961571 -0.149316  0.382684 -1.961571 -0.07612 
panel t  0.360481  1.961571 -0.149316   0.00000000e+00   2.00000000e+00   1.00000000e-06  0.382684  1.961571 -0.076121
panel t   1.00000000e-06  -2.00000000e+00   0.00000000e+00  0.382684 -1.961571 -0.07612   0.390181 -1.961571 -0.      
panel t  0.382684  1.961571 -0.076121   0.00000000e+00   2.00000000e+00   1.00000000e-06  0.390182  1.961571  0.      
panel t   1.00000000e-06  -2.00000000e+00   0.00000000e+00  0.390181 -1.961571 -0.        0.382684 -1.961571  0.07612 
panel t  0.390182  1.961571  0.         0.00000000e+00   2.00000000e+00   1.00000000e-06  0.382684  1.961571  0.076121
panel t   1.00000000e-06  -2.00000000e+00   0.00000000e+00  0.382684 -1.961571  0.07612   0.36048  -1.961571  0.149316
panel t  0.382684  1.961571  0.076121   0.00000000e+00   2.00000000e+00   1.00000000e-06  0.360481  1.961571  0.149316
panel t   1.00000000e-06  -2.00000000e+00   0.00000000e+00  0.36048  -1.961571  0.149316  0.324424 -1.961571  0.216773
panel t  0.360481  1.961571  0.149316   0.00000000e+00   2.00000000e+00   1.00000000e-06  0.324424  1.961571  0.216773
panel t   1.00000000e-06  -2.00000000e+00   0.00000000e+00  0.324424 -1.961571  0.216773  0.2759   -1.961571  0.275899
panel t  0.324424  1.961571  0.216773   0.00000000e+00   2.00000000e+00   1.00000000e-06  0.2759    1.961571  0.2759  
panel t   1.00000000e-06  -2.00000000e+00   0.00000000e+00  0.2759   -1.961571  0.275899  0.216773 -1.961571  0.324423
panel t  0.2759    1.961571  0.2759     0.00000000e+00   2.00000000e+00   1.00000000e-06  0.216774  1.961571  0.324424
panel t   1.00000000e-06  -2.00000000e+00   0.00000000e+00  0.216773 -1.961571  0.324423  0.149316 -1.961571  0.36048 
panel t  0.216774  1.961571  0.324424   0.00000000e+00   2.00000000e+00   1.00000000e-06  0.149316  1.961571  0.36048 
panel t   1.00000000e-06  -2.00000000e+00   0.00000000e+00  0.149316 -1.961571  0.36048   0.076121 -1.961571  0.382683
panel t  0.149316  1.961571  0.36048    0.00000000e+00   2.00000000e+00   1.00000000e-06  0.076121  1.961571  0.382684
panel t   1.00000000e-06  -2.00000000e+00   0.00000000e+00  0.076121 -1.961571  0.382683   1.00000000e-06  -1.96157100e+00   3.90180000e-01
panel t  0.076121  1.961571  0.382684   0.00000000e+00   2.00000000e+00   1.00000000e-06   1.00000000e-06   1.96157100e+00   3.90181000e-01
panel t   1.00000000e-06  -2.00000000e+00   0.00000000e+00   1.00000000e-06  -1.96157100e+00   3.90180000e-01 -0.07612  -1.961571  0.382683
panel t   1.00000000e-06   1.96157100e+00   3.90181000e-01   0.00000000e+00   2.00000000e+00   1.00000000e-06 -0.07612   1.961571  0.382684
panel t   1.00000000e-06  -2.00000000e+00   0.00000000e+00 -0.07612  -1.961571  0.382683 -0.149315 -1.961571  0.36048 
panel t -0.07612   1.961571  0.382684   0.00000000e+00   2.00000000e+00   1.00000000e-06 -0.149315  1.961571  0.36048 
panel t   1.00000000e-06  -2.00000000e+00   0.00000000e+00 -0.149315 -1.961571  0.36048  -0.216772 -1.961571  0.324423
panel t -0.149315  1.961571  0.36048    0.00000000e+00   2.00000000e+00   1.00000000e-06 -0.216772  1.961571  0.324424
panel t   1.00000000e-06  -2.00000000e+00   0.00000000e+00 -0.216772 -1.961571  0.324423 -0.275899 -1.961571  0.275899
panel t -0.216772  1.961571  0.324424   0.00000000e+00   2.00000000e+00   1.00000000e-06 -0.275899  1.961571  0.2759  
panel t   1.00000000e-06  -2.00000000e+00   0.00000000e+00 -0.275899 -1.961571  0.275899 -0.324423 -1.961571  0.216773
panel t -0.275899  1.961571  0.2759     0.00000000e+00   2.00000000e+00   1.00000000e-06 -0.324423  1.961571  0.216773
panel t   1.00000000e-06  -2.00000000e+00   0.00000000e+00 -0.324423 -1.961571  0.216773 -0.360479 -1.961571  0.149316
panel t -0.324423  1.961571  0.216773   0.00000000e+00   2.00000000e+00   1.00000000e-06 -0.36048   1.961571  0.149316
panel t   1.00000000e-06  -2.00000000e+00   0.00000000e+00 -0.360479 -1.961571  0.149316 -0.382683 -1.961571  0.07612 
panel t -0.36048   1.961571  0.149316   0.00000000e+00   2.00000000e+00   1.00000000e-06 -0.382683  1.961571  0.07612 
panel t -1.812254 -0.765367  0.36048  -1.847759 -0.765367  0.       -1.662939 -1.11114   0.      
panel t -1.961569  0.        0.39018  -2.  0.  0. -1.961571 -0.39018   0.      
panel t -1.923878  0.390181  0.382683 -1.812254  0.765367  0.36048  -1.847759  0.765367  0.      
panel t -1.630985  1.11114   0.324423 -1.387039  1.414214  0.275899 -1.414214  1.414214  0.      
panel t   1.00000000e-06  -2.00000000e+00   0.00000000e+00 -0.382683 -1.961571  0.07612  -0.39018  -1.961571  0.      
panel t -1.089789  1.662939  0.216772 -0.75066   1.847759  0.149315 -0.765367  1.847759  0.      
panel t -1.089789 -1.662939  0.216772 -1.11114  -1.662939  0.       -0.765367 -1.847759  0.      
panel t -0.382683  1.961571  0.07612    0.00000000e+00   2.00000000e+00   1.00000000e-06 -0.390181  1.961571  0.      
panel t -1.630985 -1.11114   0.324423 -1.662939 -1.11114   0.       -1.414214 -1.414214  0.      
panel t -1.923878 -0.39018   0.382683 -1.961571 -0.39018   0.       -1.847759 -0.765367  0.      
panel t -1.961569  0.        0.39018  -1.923878  0.390181  0.382683 -1.961571  0.390181  0.      
panel t -1.812254  0.765367  0.36048  -1.630985  1.11114   0.324423 -1.662939  1.11114   0.      
panel t -1.387039  1.414214  0.275899 -1.089789  1.662939  0.216772 -1.11114   1.662939  0.      
panel t -0.75066  -1.847759  0.149315 -0.765367 -1.847759  0.       -0.39018  -1.961571  0.      
panel t -0.75066   1.847759  0.149315 -0.382683  1.961571  0.07612  -0.390181  1.961571  0.      
panel t -1.387039 -1.414214  0.275899 -1.414214 -1.414214  0.       -1.11114  -1.662939  0.      
panel t -1.662939  1.11114   0.       -1.414214  1.414214  0.       -1.630986  1.11114  -0.324423
panel t -1.08979   1.662939 -0.216773 -1.11114   1.662939  0.       -0.750661  1.847759 -0.149316
panel t -0.765367 -1.847759  0.       -1.11114  -1.662939  0.       -0.75066  -1.847759 -0.149316
panel t -1.38704  -1.414214 -0.275899 -1.414214 -1.414214  0.       -1.630986 -1.11114  -0.324423
panel t -1.812255 -0.765367 -0.36048  -1.847759 -0.765367  0.       -1.92388  -0.39018  -0.382684
panel t -2.  0.  0. -1.961571  0.390181  0.       -1.961571  0.       -0.390181
panel t -1.847759  0.765367  0.       -1.662939  1.11114   0.       -1.812255  0.765367 -0.36048 
panel t -1.414214  1.414214  0.       -1.11114   1.662939  0.       -1.38704   1.414214 -0.2759  
panel t -0.39018  -1.961571  0.       -0.765367 -1.847759  0.       -0.382683 -1.961571 -0.076121
panel t -0.765367  1.847759  0.       -0.390181  1.961571  0.       -0.750661  1.847759 -0.149316
panel t -1.11114  -1.662939  0.       -1.414214 -1.414214  0.       -1.08979  -1.662939 -0.216773
panel t -1.662939 -1.11114   0.       -1.847759 -0.765367  0.       -1.630986 -1.11114  -0.324423
panel t -1.961571 -0.39018   0.       -2.  0.  0. -1.92388  -0.39018  -0.382684
panel t -1.923879  0.390181 -0.382684 -1.961571  0.390181  0.       -1.812255  0.765367 -0.36048 
panel t -1.630986 -1.11114  -0.324423 -1.812255 -0.765367 -0.36048  -1.536355 -1.11114  -0.63638 
panel t -1.812255 -0.39018  -0.750661 -1.92388  -0.39018  -0.382684 -1.847759  0.       -0.765367
panel t -1.923879  0.390181 -0.382684 -1.812255  0.765367 -0.36048  -1.812255  0.390181 -0.750661
panel t -1.630986  1.11114  -0.324423 -1.38704   1.414214 -0.2759   -1.536355  1.11114  -0.636379
panel t -1.02656   1.662939 -0.425215 -1.08979   1.662939 -0.216773 -0.707107  1.847759 -0.292893
panel t -0.707106 -1.847759 -0.292893 -0.75066  -1.847759 -0.149316 -1.02656  -1.662939 -0.425215
panel t -1.306563 -1.414214 -0.541196 -1.38704  -1.414214 -0.275899 -1.536355 -1.11114  -0.63638 
panel t -1.707107 -0.765367 -0.707107 -1.812255 -0.765367 -0.36048  -1.812255 -0.39018  -0.750661
panel t -1.961571  0.       -0.390181 -1.923879  0.390181 -0.382684 -1.847759  0.       -0.765367
panel t -1.812255  0.765367 -0.36048  -1.630986  1.11114  -0.324423 -1.707107  0.765367 -0.707107
panel t -1.38704   1.414214 -0.2759   -1.08979   1.662939 -0.216773 -1.306563  1.414214 -0.541196
panel t -0.360479 -1.961571 -0.149316 -0.382683 -1.961571 -0.076121 -0.707106 -1.847759 -0.292893
panel t -0.750661  1.847759 -0.149316 -0.382683  1.961571 -0.076121 -0.707107  1.847759 -0.292893
panel t -1.08979  -1.662939 -0.216773 -1.38704  -1.414214 -0.275899 -1.02656  -1.662939 -0.425215
panel t -1.382683 -1.11114  -0.92388  -1.536355 -1.11114  -0.63638  -1.536355 -0.765367 -1.02656 
panel t -1.812255 -0.39018  -0.750661 -1.847759  0.       -0.765367 -1.630986 -0.39018  -1.08979 
panel t -1.812255  0.390181 -0.750661 -1.707107  0.765367 -0.707107 -1.630986  0.390181 -1.08979 
panel t -1.382683  1.11114  -0.92388  -1.536355  1.11114  -0.636379 -1.175876  1.414214 -0.785695
panel t -1.02656   1.662939 -0.425215 -0.707107  1.847759 -0.292893 -0.923879  1.662939 -0.617317
panel t -0.707106 -1.847759 -0.292893 -1.02656  -1.662939 -0.425215 -0.636379 -1.847759 -0.425215
panel t -1.175875 -1.414214 -0.785695 -1.306563 -1.414214 -0.541196 -1.382683 -1.11114  -0.92388 
panel t -1.707107 -0.765367 -0.707107 -1.812255 -0.39018  -0.750661 -1.536355 -0.765367 -1.02656 
panel t -1.847759  0.       -0.765367 -1.812255  0.390181 -0.750661 -1.662939  0.       -1.111141
panel t -1.707107  0.765367 -0.707107 -1.536355  1.11114  -0.636379 -1.536355  0.765367 -1.02656 
panel t -1.306563  1.414214 -0.541196 -1.02656   1.662939 -0.425215 -1.175876  1.414214 -0.785695
panel t -0.360479 -1.961571 -0.149316 -0.707106 -1.847759 -0.292893 -0.324423 -1.961571 -0.216773
panel t -0.636379  1.847759 -0.425215 -0.707107  1.847759 -0.292893 -0.324423  1.961571 -0.216773
panel t -1.02656  -1.662939 -0.425215 -1.306563 -1.414214 -0.541196 -0.923879 -1.662939 -0.617317
panel t -1.175875 -1.11114  -1.175876 -1.382683 -1.11114  -0.92388  -1.306563 -0.765367 -1.306563
panel t -1.630986 -0.39018  -1.08979  -1.662939  0.       -1.111141 -1.387039 -0.39018  -1.38704 
panel t -1.387039  0.390181 -1.38704  -1.630986  0.390181 -1.08979  -1.306563  0.765367 -1.306563
panel t -1.175875  1.11114  -1.175876 -1.382683  1.11114  -0.92388  -1.        1.414214 -1.      
panel t -0.923879  1.662939 -0.617317 -0.636379  1.847759 -0.425215 -0.785695  1.662939 -0.785695
panel t -0.636379 -1.847759 -0.425215 -0.923879 -1.662939 -0.617317 -0.541196 -1.847759 -0.541196
panel t -1.175875 -1.414214 -0.785695 -1.382683 -1.11114  -0.92388  -1.       -1.414214 -1.      
panel t -1.536355 -0.765367 -1.02656  -1.630986 -0.39018  -1.08979  -1.306563 -0.765367 -1.306563
panel t -1.414213  0.       -1.414214 -1.662939  0.       -1.111141 -1.387039  0.390181 -1.38704 
panel t -1.536355  0.765367 -1.02656  -1.382683  1.11114  -0.92388  -1.306563  0.765367 -1.306563
panel t -1.175876  1.414214 -0.785695 -0.923879  1.662939 -0.617317 -1.        1.414214 -1.      
panel t -0.324423 -1.961571 -0.216773 -0.636379 -1.847759 -0.425215 -0.275899 -1.961571 -0.275899
panel t -0.636379  1.847759 -0.425215 -0.324423  1.961571 -0.216773 -0.541196  1.847759 -0.541197
panel t -0.923879 -1.662939 -0.617317 -1.175875 -1.414214 -0.785695 -0.785695 -1.662939 -0.785695
panel t -0.923879 -1.11114  -1.382684 -1.175875 -1.11114  -1.175876 -1.02656  -0.765367 -1.536356
panel t -1.387039 -0.39018  -1.38704  -1.414213  0.       -1.414214 -1.08979  -0.39018  -1.630987
panel t -1.08979   0.390181 -1.630987 -1.387039  0.390181 -1.38704  -1.02656   0.765367 -1.536356
panel t -1.175875  1.11114  -1.175876 -1.        1.414214 -1.       -0.923879  1.11114  -1.382684
panel t -0.785695  1.662939 -0.785695 -0.541196  1.847759 -0.541197 -0.617316  1.662939 -0.92388 
panel t -0.541196 -1.847759 -0.541196 -0.785695 -1.662939 -0.785695 -0.425215 -1.847759 -0.63638 
panel t -1.       -1.414214 -1.       -1.175875 -1.11114  -1.175876 -0.785695 -1.414214 -1.175876
panel t -1.306563 -0.765367 -1.306563 -1.387039 -0.39018  -1.38704  -1.02656  -0.765367 -1.536356
panel t -1.11114  0.      -1.66294 -1.414213  0.       -1.414214 -1.08979   0.390181 -1.630987
panel t -1.306563  0.765367 -1.306563 -1.175875  1.11114  -1.175876 -1.02656   0.765367 -1.536356
panel t -1.        1.414214 -1.       -0.785695  1.662939 -0.785695 -0.785695  1.414214 -1.175876
panel t -0.275899 -1.961571 -0.275899 -0.541196 -1.847759 -0.541196 -0.216772 -1.961571 -0.324423
panel t -0.541196  1.847759 -0.541197 -0.275899  1.961571 -0.2759   -0.425215  1.847759 -0.63638 
panel t -0.617316 -1.662939 -0.92388  -0.785695 -1.662939 -0.785695 -0.785695 -1.414214 -1.175876
panel t -0.636379 -1.11114  -1.536356 -0.923879 -1.11114  -1.382684 -0.707106 -0.765367 -1.707107
panel t -1.08979  -0.39018  -1.630987 -1.11114  0.      -1.66294 -0.75066  -0.39018  -1.812255
panel t -0.75066   0.390181 -1.812255 -1.08979   0.390181 -1.630987 -0.707106  0.765367 -1.707107
panel t -0.923879  1.11114  -1.382684 -0.785695  1.414214 -1.175876 -0.636379  1.11114  -1.536356
panel t -0.617316  1.662939 -0.92388  -0.425215  1.847759 -0.63638  -0.425215  1.662939 -1.02656 
panel t -0.292893 -1.847759 -0.707107 -0.425215 -1.847759 -0.63638  -0.425215 -1.662939 -1.02656 
panel t -0.541196 -1.414214 -1.306563 -0.785695 -1.414214 -1.175876 -0.636379 -1.11114  -1.536356
panel t -1.02656  -0.765367 -1.536356 -1.08979  -0.39018  -1.630987 -0.707106 -0.765367 -1.707107
panel t -1.11114  0.      -1.66294 -1.08979   0.390181 -1.630987 -0.765366  0.       -1.847759
panel t -1.02656   0.765367 -1.536356 -0.923879  1.11114  -1.382684 -0.707106  0.765367 -1.707107
panel t -0.785695  1.414214 -1.175876 -0.617316  1.662939 -0.92388  -0.541196  1.414214 -1.306563
panel t -0.216772 -1.961571 -0.324423 -0.425215 -1.847759 -0.63638  -0.149315 -1.961571 -0.36048 
panel t -0.425215  1.847759 -0.63638  -0.216772  1.961571 -0.324424 -0.292893  1.847759 -0.707107
panel t -0.617316 -1.662939 -0.92388  -0.785695 -1.414214 -1.175876 -0.425215 -1.662939 -1.02656 
panel t -0.324423 -1.11114  -1.630987 -0.636379 -1.11114  -1.536356 -0.36048  -0.765367 -1.812255
panel t -0.75066  -0.39018  -1.812255 -0.765366  0.       -1.847759 -0.382683 -0.39018  -1.92388 
panel t -0.382683  0.390181 -1.92388  -0.75066   0.390181 -1.812255 -0.36048   0.765367 -1.812255
panel t -0.324423  1.11114  -1.630986 -0.636379  1.11114  -1.536356 -0.275899  1.414214 -1.38704 
panel t -0.425215  1.662939 -1.02656  -0.292893  1.847759 -0.707107 -0.216772  1.662939 -1.089791
panel t -0.292893 -1.847759 -0.707107 -0.425215 -1.662939 -1.02656  -0.149315 -1.847759 -0.750661
panel t -0.275899 -1.414214 -1.38704  -0.541196 -1.414214 -1.306563 -0.324423 -1.11114  -1.630987
panel t -0.707106 -0.765367 -1.707107 -0.75066  -0.39018  -1.812255 -0.36048  -0.765367 -1.812255
panel t -0.765366  0.       -1.847759 -0.75066   0.390181 -1.812255 -0.39018   0.       -1.961571
panel t -0.707106  0.765367 -1.707107 -0.636379  1.11114  -1.536356 -0.36048   0.765367 -1.812255
panel t -0.541196  1.414214 -1.306563 -0.425215  1.662939 -1.02656  -0.275899  1.414214 -1.38704 
panel t -0.149315 -1.961571 -0.36048  -0.292893 -1.847759 -0.707107 -0.07612  -1.961571 -0.382684
panel t -0.292893  1.847759 -0.707107 -0.149315  1.961571 -0.36048  -0.149315  1.847759 -0.750661
panel t -0.425215 -1.662939 -1.02656  -0.541196 -1.414214 -1.306563 -0.216772 -1.662939 -1.089791
panel t   1.00000000e-06  -1.11114000e+00  -1.66294000e+00 -0.324423 -1.11114  -1.630987  0.       -0.765367 -1.847759
panel t   1.00000000e-06  -3.90180000e-01  -1.96157100e+00 -0.382683 -0.39018  -1.92388    1.00000000e-06   0.00000000e+00  -2.00000000e+00
panel t   1.00000000e-06   3.90181000e-01  -1.96157100e+00 -0.382683  0.390181 -1.92388   0.        0.765367 -1.847759
panel t   1.00000000e-06   1.11114000e+00  -1.66293900e+00 -0.324423  1.11114  -1.630986   1.00000000e-06   1.41421400e+00  -1.41421400e+00
panel t -0.216772  1.662939 -1.089791 -0.149315  1.847759 -0.750661   1.00000000e-06   1.66293900e+00  -1.11114100e+00
panel t   1.00000000e-06  -1.84775900e+00  -7.65367000e-01 -0.149315 -1.847759 -0.750661   1.00000000e-06  -1.66293900e+00  -1.11114100e+00
panel t -0.275899 -1.414214 -1.38704  -0.324423 -1.11114  -1.630987   1.00000000e-06  -1.41421400e+00  -1.41421400e+00
panel t -0.36048  -0.765367 -1.812255 -0.382683 -0.39018  -1.92388   0.       -0.765367 -1.847759
panel t -0.39018   0.       -1.961571 -0.382683  0.390181 -1.92388    1.00000000e-06   0.00000000e+00  -2.00000000e+00
panel t -0.36048   0.765367 -1.812255 -0.324423  1.11114  -1.630986  0.        0.765367 -1.847759
panel t -0.275899  1.414214 -1.38704  -0.216772  1.662939 -1.089791   1.00000000e-06   1.41421400e+00  -1.41421400e+00
panel t -0.07612  -1.961571 -0.382684 -0.149315 -1.847759 -0.750661   1.00000000e-06  -1.96157100e+00  -3.90181000e-01
panel t -0.149315  1.847759 -0.750661 -0.07612   1.961571 -0.382684   1.00000000e-06   1.84775900e+00  -7.65367000e-01
panel t   1.00000000e-06  -1.66293900e+00  -1.11114100e+00 -0.216772 -1.662939 -1.089791   1.00000000e-06  -1.41421400e+00  -1.41421400e+00
panel t  0.324424 -1.11114  -1.630987   1.00000000e-06  -1.11114000e+00  -1.66294000e+00  0.36048  -0.765367 -1.812255
panel t   1.00000000e-06  -3.90180000e-01  -1.96157100e+00   1.00000000e-06   0.00000000e+00  -2.00000000e+00  0.382684 -0.39018  -1.923879
panel t  0.382684  0.390181 -1.923879   1.00000000e-06   3.90181000e-01  -1.96157100e+00  0.36048   0.765367 -1.812255
panel t   1.00000000e-06   1.11114000e+00  -1.66293900e+00   1.00000000e-06   1.41421400e+00  -1.41421400e+00  0.324424  1.11114  -1.630986
panel t   1.00000000e-06   1.66293900e+00  -1.11114100e+00   1.00000000e-06   1.84775900e+00  -7.65367000e-01  0.216773  1.662939 -1.089791
panel t   1.00000000e-06  -1.84775900e+00  -7.65367000e-01   1.00000000e-06  -1.66293900e+00  -1.11114100e+00  0.149316 -1.847759 -0.750661
panel t   1.00000000e-06  -1.41421400e+00  -1.41421400e+00   1.00000000e-06  -1.11114000e+00  -1.66294000e+00  0.2759   -1.414214 -1.38704 
panel t  0.       -0.765367 -1.847759   1.00000000e-06  -3.90180000e-01  -1.96157100e+00  0.36048  -0.765367 -1.812255
panel t   1.00000000e-06   0.00000000e+00  -2.00000000e+00   1.00000000e-06   3.90181000e-01  -1.96157100e+00  0.390181  0.       -1.961571
panel t  0.        0.765367 -1.847759   1.00000000e-06   1.11114000e+00  -1.66293900e+00  0.36048   0.765367 -1.812255
panel t   1.00000000e-06   1.41421400e+00  -1.41421400e+00   1.00000000e-06   1.66293900e+00  -1.11114100e+00  0.2759    1.414214 -1.38704 
panel t   1.00000000e-06  -1.96157100e+00  -3.90181000e-01   1.00000000e-06  -1.84775900e+00  -7.65367000e-01  0.076121 -1.961571 -0.382684
panel t   1.00000000e-06   1.84775900e+00  -7.65367000e-01   1.00000000e-06   1.96157100e+00  -3.90181000e-01  0.149316  1.847759 -0.750661
panel t  0.216773 -1.662939 -1.08979    1.00000000e-06  -1.66293900e+00  -1.11114100e+00  0.2759   -1.414214 -1.38704 
panel t  0.63638  -1.11114  -1.536356  0.324424 -1.11114  -1.630987  0.707107 -0.765367 -1.707107
panel t  0.382684 -0.39018  -1.923879  0.390181  0.       -1.961571  0.750661 -0.39018  -1.812255
panel t  0.750661  0.390181 -1.812255  0.382684  0.390181 -1.923879  0.707107  0.765367 -1.707107
panel t  0.63638   1.11114  -1.536355  0.324424  1.11114  -1.630986  0.541197  1.414214 -1.306563
panel t  0.216773  1.662939 -1.089791  0.149316  1.847759 -0.750661  0.425216  1.662939 -1.02656 
panel t  0.292894 -1.847759 -0.707107  0.149316 -1.847759 -0.750661  0.425216 -1.662939 -1.02656 
panel t  0.2759   -1.414214 -1.38704   0.324424 -1.11114  -1.630987  0.541197 -1.414214 -1.306563
panel t  0.36048  -0.765367 -1.812255  0.382684 -0.39018  -1.923879  0.707107 -0.765367 -1.707107
panel t  0.390181  0.       -1.961571  0.382684  0.390181 -1.923879  0.765368  0.       -1.847759
panel t  0.36048   0.765367 -1.812255  0.324424  1.11114  -1.630986  0.707107  0.765367 -1.707107
panel t  0.2759    1.414214 -1.38704   0.216773  1.662939 -1.089791  0.541197  1.414214 -1.306563
panel t  0.076121 -1.961571 -0.382684  0.149316 -1.847759 -0.750661  0.149316 -1.961571 -0.36048 
panel t  0.149316  1.847759 -0.750661  0.076121  1.961571 -0.382684  0.292894  1.847759 -0.707107
panel t  0.216773 -1.662939 -1.08979   0.2759   -1.414214 -1.38704   0.425216 -1.662939 -1.02656 
panel t  0.92388  -1.11114  -1.382684  0.63638  -1.11114  -1.536356  1.026561 -0.765367 -1.536356
panel t  1.089791 -0.39018  -1.630986  0.750661 -0.39018  -1.812255  1.111141  0.       -1.662939
panel t  1.089791  0.390181 -1.630986  0.750661  0.390181 -1.812255  1.026561  0.765367 -1.536356
panel t  0.92388   1.11114  -1.382683  0.63638   1.11114  -1.536355  0.785696  1.414214 -1.175876
panel t  0.425216  1.662939 -1.02656   0.292894  1.847759 -0.707107  0.617317  1.662939 -0.92388 
panel t  0.292894 -1.847759 -0.707107  0.425216 -1.662939 -1.02656   0.425216 -1.847759 -0.636379
panel t  0.541197 -1.414214 -1.306563  0.63638  -1.11114  -1.536356  0.785696 -1.414214 -1.175876
panel t  0.707107 -0.765367 -1.707107  0.750661 -0.39018  -1.812255  1.026561 -0.765367 -1.536356
panel t  0.765368  0.       -1.847759  0.750661  0.390181 -1.812255  1.111141  0.       -1.662939
panel t  0.707107  0.765367 -1.707107  0.63638   1.11114  -1.536355  1.026561  0.765367 -1.536356
panel t  0.541197  1.414214 -1.306563  0.425216  1.662939 -1.02656   0.785696  1.414214 -1.175876
panel t  0.216773 -1.961571 -0.324423  0.149316 -1.961571 -0.36048   0.425216 -1.847759 -0.636379
panel t  0.292894  1.847759 -0.707107  0.149317  1.961571 -0.36048   0.425216  1.847759 -0.63638 
panel t  0.617317 -1.662939 -0.92388   0.425216 -1.662939 -1.02656   0.785696 -1.414214 -1.175876
panel t  0.92388  -1.11114  -1.382684  1.026561 -0.765367 -1.536356  1.175876 -1.11114  -1.175876
panel t  1.089791 -0.39018  -1.630986  1.111141  0.       -1.662939  1.38704 -0.39018 -1.38704
panel t  1.38704   0.390181 -1.38704   1.089791  0.390181 -1.630986  1.306564  0.765367 -1.306563
panel t  1.175876  1.11114  -1.175875  0.92388   1.11114  -1.382683  1.000001  1.414214 -1.      
panel t  0.617317  1.662939 -0.92388   0.425216  1.847759 -0.63638   0.785696  1.662939 -0.785695
panel t  0.425216 -1.847759 -0.636379  0.617317 -1.662939 -0.92388   0.541197 -1.847759 -0.541196
panel t  0.785696 -1.414214 -1.175876  0.92388  -1.11114  -1.382684  1.000001 -1.414214 -1.      
panel t  1.026561 -0.765367 -1.536356  1.089791 -0.39018  -1.630986  1.306564 -0.765367 -1.306563
panel t  1.111141  0.       -1.662939  1.089791  0.390181 -1.630986  1.414214  0.       -1.414214
panel t  1.026561  0.765367 -1.536356  0.92388   1.11114  -1.382683  1.306564  0.765367 -1.306563
panel t  0.785696  1.414214 -1.175876  0.617317  1.662939 -0.92388   1.000001  1.414214 -1.      
panel t  0.2759   -1.961571 -0.275899  0.216773 -1.961571 -0.324423  0.541197 -1.847759 -0.541196
panel t  0.425216  1.847759 -0.63638   0.216774  1.961571 -0.324424  0.541197  1.847759 -0.541196
panel t  0.785696 -1.662939 -0.785695  0.617317 -1.662939 -0.92388   1.000001 -1.414214 -1.      
panel t  1.382684 -1.11114  -0.923879  1.175876 -1.11114  -1.175876  1.536356 -0.765367 -1.02656 
panel t  1.630987 -0.39018  -1.08979   1.38704 -0.39018 -1.38704  1.66294  0.      -1.11114
panel t  1.630987  0.390181 -1.08979   1.38704   0.390181 -1.38704   1.536356  0.765367 -1.02656 
panel t  1.382684  1.11114  -0.923879  1.175876  1.11114  -1.175875  1.175876  1.414214 -0.785695
panel t  0.785696  1.662939 -0.785695  0.541197  1.847759 -0.541196  0.92388   1.662939 -0.617317
panel t  0.63638  -1.847759 -0.425215  0.541197 -1.847759 -0.541196  0.92388  -1.662939 -0.617317
panel t  1.000001 -1.414214 -1.        1.175876 -1.11114  -1.175876  1.175876 -1.414214 -0.785695
panel t  1.306564 -0.765367 -1.306563  1.38704 -0.39018 -1.38704  1.536356 -0.765367 -1.02656 
panel t  1.414214  0.       -1.414214  1.38704   0.390181 -1.38704   1.66294  0.      -1.11114
panel t  1.306564  0.765367 -1.306563  1.175876  1.11114  -1.175875  1.536356  0.765367 -1.02656 
panel t  1.000001  1.414214 -1.        0.785696  1.662939 -0.785695  1.175876  1.414214 -0.785695
panel t  0.324424 -1.961571 -0.216773  0.2759   -1.961571 -0.275899  0.63638  -1.847759 -0.425215
panel t  0.541197  1.847759 -0.541196  0.2759    1.961571 -0.2759    0.63638   1.847759 -0.425215
panel t  0.92388  -1.662939 -0.617317  0.785696 -1.662939 -0.785695  1.175876 -1.414214 -0.785695
panel t  1.536356 -1.11114  -0.636379  1.382684 -1.11114  -0.923879  1.707107 -0.765367 -0.707107
panel t  1.630987 -0.39018  -1.08979   1.66294  0.      -1.11114  1.812255 -0.39018  -0.75066 
panel t  1.812255  0.390181 -0.75066   1.630987  0.390181 -1.08979   1.707107  0.765367 -0.707107
panel t  1.536356  1.11114  -0.636379  1.382684  1.11114  -0.923879  1.306564  1.414214 -0.541196
panel t  1.026561  1.662939 -0.425215  0.92388   1.662939 -0.617317  0.707108  1.847759 -0.292893
panel t  0.707107 -1.847759 -0.292893  0.63638  -1.847759 -0.425215  1.026561 -1.662939 -0.425215
panel t  1.175876 -1.414214 -0.785695  1.382684 -1.11114  -0.923879  1.306564 -1.414214 -0.541196
panel t  1.536356 -0.765367 -1.02656   1.630987 -0.39018  -1.08979   1.707107 -0.765367 -0.707107
panel t  1.66294  0.      -1.11114  1.630987  0.390181 -1.08979   1.84776   0.       -0.765367
panel t  1.536356  0.765367 -1.02656   1.382684  1.11114  -0.923879  1.707107  0.765367 -0.707107
panel t  1.175876  1.414214 -0.785695  0.92388   1.662939 -0.617317  1.306564  1.414214 -0.541196
panel t  0.324424 -1.961571 -0.216773  0.63638  -1.847759 -0.425215  0.360481 -1.961571 -0.149316
panel t  0.63638   1.847759 -0.425215  0.324424  1.961571 -0.216773  0.707108  1.847759 -0.292893
panel t  1.026561 -1.662939 -0.425215  0.92388  -1.662939 -0.617317  1.306564 -1.414214 -0.541196
panel t  1.630987 -1.11114  -0.324423  1.536356 -1.11114  -0.636379  1.812256 -0.765367 -0.36048 
panel t  1.812255 -0.39018  -0.75066   1.84776   0.       -0.765367  1.92388  -0.39018  -0.382683
panel t  1.92388   0.390181 -0.382683  1.812255  0.390181 -0.75066   1.812256  0.765367 -0.36048 
panel t  1.630987  1.11114  -0.324423  1.536356  1.11114  -0.636379  1.387041  1.414214 -0.2759  
panel t  1.026561  1.662939 -0.425215  0.707108  1.847759 -0.292893  1.089791  1.662939 -0.216773
panel t  0.707107 -1.847759 -0.292893  1.026561 -1.662939 -0.425215  0.750661 -1.847759 -0.149316
panel t  1.306564 -1.414214 -0.541196  1.536356 -1.11114  -0.636379  1.38704  -1.414214 -0.275899
panel t  1.707107 -0.765367 -0.707107  1.812255 -0.39018  -0.75066   1.812256 -0.765367 -0.36048 
panel t  1.84776   0.       -0.765367  1.812255  0.390181 -0.75066   1.961571  0.       -0.39018 
panel t  1.707107  0.765367 -0.707107  1.536356  1.11114  -0.636379  1.812256  0.765367 -0.36048 
panel t  1.306564  1.414214 -0.541196  1.026561  1.662939 -0.425215  1.387041  1.414214 -0.2759  
panel t  0.382684 -1.961571 -0.07612   0.360481 -1.961571 -0.149316  0.750661 -1.847759 -0.149316
panel t  0.707108  1.847759 -0.292893  0.360481  1.961571 -0.149316  0.750661  1.847759 -0.149316
panel t  1.026561 -1.662939 -0.425215  1.306564 -1.414214 -0.541196  1.089791 -1.662939 -0.216773
panel t  1.662939 -1.11114   0.        1.630987 -1.11114  -0.324423  1.84776  -0.765367 -0.      
panel t  1.92388  -0.39018  -0.382683  1.961571  0.       -0.39018   1.961571 -0.39018   0.      
panel t  1.961571  0.390181  0.        1.92388   0.390181 -0.382683  1.84776   0.765367 -0.      
panel t  1.662939  1.11114   0.        1.630987  1.11114  -0.324423  1.414214  1.414214 -0.      
panel t  1.089791  1.662939 -0.216773  0.750661  1.847759 -0.149316  1.111141  1.662939 -0.      
panel t  0.765367 -1.847759 -0.        0.750661 -1.847759 -0.149316  1.111141 -1.662939  0.      
panel t  1.38704  -1.414214 -0.275899  1.630987 -1.11114  -0.324423  1.414214 -1.414214  0.      
panel t  1.812256 -0.765367 -0.36048   1.92388  -0.39018  -0.382683  1.84776  -0.765367 -0.      
panel t  1.961571  0.       -0.39018   1.92388   0.390181 -0.382683  2.000001  0.        0.      
panel t  1.812256  0.765367 -0.36048   1.630987  1.11114  -0.324423  1.84776   0.765367 -0.      
panel t  1.387041  1.414214 -0.2759    1.089791  1.662939 -0.216773  1.414214  1.414214 -0.      
panel t  0.382684 -1.961571 -0.07612   0.750661 -1.847759 -0.149316  0.390181 -1.961571 -0.      
panel t  0.750661  1.847759 -0.149316  0.382684  1.961571 -0.076121  0.765368  1.847759 -0.      
panel t  1.111141 -1.662939  0.        1.089791 -1.662939 -0.216773  1.414214 -1.414214  0.      
panel t  1.630986 -1.11114   0.324423  1.662939 -1.11114   0.        1.812256 -0.765367  0.36048 
panel t  1.961571 -0.39018   0.        2.000001  0.        0.        1.92388  -0.39018   0.382684
panel t  1.92388   0.390181  0.382684  1.961571  0.390181  0.        1.812256  0.765367  0.36048 
panel t  1.630986  1.11114   0.324423  1.662939  1.11114   0.        1.387041  1.414214  0.275899
panel t  1.111141  1.662939 -0.        0.765368  1.847759 -0.        1.089791  1.662939  0.216773
panel t  0.765367 -1.847759 -0.        1.111141 -1.662939  0.        0.750661 -1.847759  0.149316
panel t  1.414214 -1.414214  0.        1.662939 -1.11114   0.        1.38704  -1.414214  0.275899
panel t  1.84776  -0.765367 -0.        1.961571 -0.39018   0.        1.812256 -0.765367  0.36048 
panel t  2.000001  0.        0.        1.961571  0.390181  0.        1.961571  0.        0.390181
panel t  1.84776   0.765367 -0.        1.662939  1.11114   0.        1.812256  0.765367  0.36048 
panel t  1.414214  1.414214 -0.        1.111141  1.662939 -0.        1.387041  1.414214  0.275899
panel t  0.390181 -1.961571 -0.        0.765367 -1.847759 -0.        0.382684 -1.961571  0.07612 
panel t  0.765368  1.847759 -0.        0.390182  1.961571  0.        0.750661  1.847759  0.149316
panel t  1.111141 -1.662939  0.        1.414214 -1.414214  0.        1.089791 -1.662939  0.216773
panel t  1.536355 -1.11114   0.636379  1.630986 -1.11114   0.324423  1.707107 -0.765367  0.707107
panel t  1.812255 -0.39018   0.750661  1.92388  -0.39018   0.382684  1.84776   0.        0.765367
panel t  1.812255  0.390181  0.750661  1.92388   0.390181  0.382684  1.707107  0.765367  0.707107
panel t  1.536355  1.11114   0.636379  1.630986  1.11114   0.324423  1.306564  1.414214  0.541196
panel t  1.089791  1.662939  0.216773  0.750661  1.847759  0.149316  1.026561  1.662939  0.425215
panel t  0.750661 -1.847759  0.149316  1.089791 -1.662939  0.216773  0.707107 -1.847759  0.292893
panel t  1.38704  -1.414214  0.275899  1.630986 -1.11114   0.324423  1.306563 -1.414214  0.541196
panel t  1.812256 -0.765367  0.36048   1.92388  -0.39018   0.382684  1.707107 -0.765367  0.707107
panel t  1.961571  0.        0.390181  1.92388   0.390181  0.382684  1.84776   0.        0.765367
panel t  1.812256  0.765367  0.36048   1.630986  1.11114   0.324423  1.707107  0.765367  0.707107
panel t  1.387041  1.414214  0.275899  1.089791  1.662939  0.216773  1.306564  1.414214  0.541196
panel t  0.36048  -1.961571  0.149316  0.382684 -1.961571  0.07612   0.707107 -1.847759  0.292893
panel t  0.750661  1.847759  0.149316  0.382684  1.961571  0.076121  0.707107  1.847759  0.292893
panel t  1.089791 -1.662939  0.216773  1.38704  -1.414214  0.275899  1.02656  -1.662939  0.425215
panel t  1.382683 -1.11114   0.923879  1.536355 -1.11114   0.636379  1.536356 -0.765367  1.02656 
panel t  1.812255 -0.39018   0.750661  1.84776   0.        0.765367  1.630986 -0.39018   1.08979 
panel t  1.630986  0.390181  1.08979   1.812255  0.390181  0.750661  1.536356  0.765367  1.02656 
panel t  1.382684  1.11114   0.923879  1.536355  1.11114   0.636379  1.175876  1.414214  0.785695
panel t  1.026561  1.662939  0.425215  0.707107  1.847759  0.292893  0.92388   1.662939  0.617317
panel t  0.63638  -1.847759  0.425215  0.707107 -1.847759  0.292893  0.92388  -1.662939  0.617316
panel t  1.306563 -1.414214  0.541196  1.536355 -1.11114   0.636379  1.175876 -1.414214  0.785695
panel t  1.707107 -0.765367  0.707107  1.812255 -0.39018   0.750661  1.536356 -0.765367  1.02656 
panel t  1.84776   0.        0.765367  1.812255  0.390181  0.750661  1.66294   0.        1.111141
panel t  1.707107  0.765367  0.707107  1.536355  1.11114   0.636379  1.536356  0.765367  1.02656 
panel t  1.306564  1.414214  0.541196  1.026561  1.662939  0.425215  1.175876  1.414214  0.785695
panel t  0.324424 -1.961571  0.216773  0.36048  -1.961571  0.149316  0.63638  -1.847759  0.425215
panel t  0.707107  1.847759  0.292893  0.360481  1.961571  0.149316  0.63638   1.847759  0.425215
panel t  0.92388  -1.662939  0.617316  1.02656  -1.662939  0.425215  1.175876 -1.414214  0.785695
panel t  1.175876 -1.11114   1.175875  1.382683 -1.11114   0.923879  1.306563 -0.765367  1.306563
panel t  1.630986 -0.39018   1.08979   1.66294   0.        1.111141  1.38704 -0.39018  1.38704
panel t  1.38704   0.390181  1.38704   1.630986  0.390181  1.08979   1.306563  0.765367  1.306563
panel t  1.175876  1.11114   1.175875  1.382684  1.11114   0.923879  1.000001  1.414214  1.      
panel t  0.92388   1.662939  0.617317  0.63638   1.847759  0.425215  0.785696  1.662939  0.785695
panel t  0.541197 -1.847759  0.541196  0.63638  -1.847759  0.425215  0.785695 -1.662939  0.785695
panel t  1.175876 -1.414214  0.785695  1.382683 -1.11114   0.923879  1.       -1.414214  1.      
panel t  1.536356 -0.765367  1.02656   1.630986 -0.39018   1.08979   1.306563 -0.765367  1.306563
panel t  1.414214  0.        1.414214  1.66294   0.        1.111141  1.38704   0.390181  1.38704 
panel t  1.536356  0.765367  1.02656   1.382684  1.11114   0.923879  1.306563  0.765367  1.306563
panel t  1.175876  1.414214  0.785695  0.92388   1.662939  0.617317  1.000001  1.414214  1.      
panel t  0.324424 -1.961571  0.216773  0.63638  -1.847759  0.425215  0.2759   -1.961571  0.275899
panel t  0.63638   1.847759  0.425215  0.324424  1.961571  0.216773  0.541197  1.847759  0.541196
panel t  0.92388  -1.662939  0.617316  1.175876 -1.414214  0.785695  0.785695 -1.662939  0.785695
panel t  0.92388  -1.11114   1.382683  1.175876 -1.11114   1.175875  1.026561 -0.765367  1.536355
panel t  1.38704 -0.39018  1.38704  1.414214  0.        1.414214  1.08979  -0.39018   1.630986
panel t  1.08979   0.390181  1.630986  1.38704   0.390181  1.38704   1.026561  0.765367  1.536355
panel t  0.92388   1.11114   1.382683  1.175876  1.11114   1.175875  0.785696  1.414214  1.175876
panel t  0.785696  1.662939  0.785695  0.541197  1.847759  0.541196  0.617317  1.662939  0.92388 
panel t  0.425215 -1.847759  0.636379  0.541197 -1.847759  0.541196  0.617317 -1.662939  0.923879
panel t  1.       -1.414214  1.        1.175876 -1.11114   1.175875  0.785695 -1.414214  1.175876
panel t  1.306563 -0.765367  1.306563  1.38704 -0.39018  1.38704  1.026561 -0.765367  1.536355
panel t  1.414214  0.        1.414214  1.38704   0.390181  1.38704   1.111141  0.        1.662939
panel t  1.306563  0.765367  1.306563  1.175876  1.11114   1.175875  1.026561  0.765367  1.536355
panel t  1.000001  1.414214  1.        0.785696  1.662939  0.785695  0.785696  1.414214  1.175876
panel t  0.2759   -1.961571  0.275899  0.541197 -1.847759  0.541196  0.216773 -1.961571  0.324423
panel t  0.541197  1.847759  0.541196  0.2759    1.961571  0.2759    0.425216  1.847759  0.636379
panel t  0.785695 -1.662939  0.785695  1.       -1.414214  1.        0.617317 -1.662939  0.923879
panel t  0.636379 -1.11114   1.536355  0.92388  -1.11114   1.382683  0.707107 -0.765367  1.707107
panel t  1.08979  -0.39018   1.630986  1.111141  0.        1.662939  0.75066  -0.39018   1.812254
panel t  0.75066   0.390181  1.812254  1.08979   0.390181  1.630986  0.707107  0.765367  1.707107
panel t  0.636379  1.11114   1.536355  0.92388   1.11114   1.382683  0.541197  1.414214  1.306563
panel t  0.617317  1.662939  0.92388   0.425216  1.847759  0.636379  0.425216  1.662939  1.02656 
panel t  0.292894 -1.847759  0.707107  0.425215 -1.847759  0.636379  0.425215 -1.662939  1.02656 
panel t  0.541197 -1.414214  1.306563  0.785695 -1.414214  1.175876  0.636379 -1.11114   1.536355
panel t  1.026561 -0.765367  1.536355  1.08979  -0.39018   1.630986  0.707107 -0.765367  1.707107
panel t  1.111141  0.        1.662939  1.08979   0.390181  1.630986  0.765367  0.        1.847759
panel t  1.026561  0.765367  1.536355  0.92388   1.11114   1.382683  0.707107  0.765367  1.707107
panel t  0.541197  1.414214  1.306563  0.785696  1.414214  1.175876  0.425216  1.662939  1.02656 
panel t  0.149316 -1.961571  0.36048   0.216773 -1.961571  0.324423  0.292894 -1.847759  0.707107
panel t  0.292894  1.847759  0.707107  0.425216  1.847759  0.636379  0.149316  1.961571  0.36048 
panel t  0.617317 -1.662939  0.923879  0.785695 -1.414214  1.175876  0.425215 -1.662939  1.02656 
panel t  0.324423 -1.11114   1.630986  0.636379 -1.11114   1.536355  0.360481 -0.765367  1.812255
panel t  0.75066  -0.39018   1.812254  0.765367  0.        1.847759  0.382683 -0.39018   1.923879
panel t  0.382683  0.390181  1.923879  0.75066   0.390181  1.812254  0.360481  0.765367  1.812255
panel t  0.324424  1.11114   1.630985  0.636379  1.11114   1.536355  0.2759    1.414214  1.38704 
panel t  0.425216  1.662939  1.02656   0.292894  1.847759  0.707107  0.216773  1.662939  1.08979 
panel t  0.149316 -1.847759  0.75066   0.292894 -1.847759  0.707107  0.216773 -1.662939  1.08979 
panel t  0.541197 -1.414214  1.306563  0.636379 -1.11114   1.536355  0.2759   -1.414214  1.38704 
panel t  0.707107 -0.765367  1.707107  0.75066  -0.39018   1.812254  0.360481 -0.765367  1.812255
panel t  0.765367  0.        1.847759  0.75066   0.390181  1.812254  0.390181  0.        1.96157 
panel t  0.707107  0.765367  1.707107  0.636379  1.11114   1.536355  0.360481  0.765367  1.812255
panel t  0.541197  1.414214  1.306563  0.425216  1.662939  1.02656   0.2759    1.414214  1.38704 
panel t  0.149316 -1.961571  0.36048   0.292894 -1.847759  0.707107  0.076121 -1.961571  0.382683
panel t  0.292894  1.847759  0.707107  0.149316  1.961571  0.36048   0.149316  1.847759  0.75066 
panel t  0.425215 -1.662939  1.02656   0.541197 -1.414214  1.306563  0.216773 -1.662939  1.08979 
panel t  0.       -1.11114   1.662938  0.324423 -1.11114   1.630986   1.00000000e-06  -7.65367000e-01   1.84775900e+00
panel t  0.      -0.39018  1.96157  0.382683 -0.39018   1.923879  0.  0.  2.
panel t  0.        0.390181  1.96157   0.382683  0.390181  1.923879   1.00000000e-06   7.65367000e-01   1.84775900e+00
panel t  0.        1.11114   1.662938  0.324424  1.11114   1.630985   1.00000000e-06   1.41421400e+00   1.41421400e+00
panel t  0.216773  1.662939  1.08979   0.149316  1.847759  0.75066    1.00000000e-06   1.66293900e+00   1.11114000e+00
panel t  0.149316 -1.847759  0.75066   0.216773 -1.662939  1.08979    1.00000000e-06  -1.84775900e+00   7.65366000e-01
panel t  0.2759   -1.414214  1.38704   0.324423 -1.11114   1.630986  0.       -1.414214  1.414213
panel t  0.360481 -0.765367  1.812255  0.382683 -0.39018   1.923879   1.00000000e-06  -7.65367000e-01   1.84775900e+00
panel t  0.390181  0.        1.96157   0.382683  0.390181  1.923879  0.  0.  2.
panel t  0.360481  0.765367  1.812255  0.324424  1.11114   1.630985   1.00000000e-06   7.65367000e-01   1.84775900e+00
panel t  0.2759    1.414214  1.38704   0.216773  1.662939  1.08979    1.00000000e-06   1.41421400e+00   1.41421400e+00
panel t  0.076121 -1.961571  0.382683  0.149316 -1.847759  0.75066    1.00000000e-06  -1.96157100e+00   3.90180000e-01
panel t  0.149316  1.847759  0.75066   0.076121  1.961571  0.382684   1.00000000e-06   1.84775900e+00   7.65367000e-01
panel t   1.00000000e-06  -1.66293900e+00   1.11114000e+00  0.216773 -1.662939  1.08979   0.       -1.414214  1.414213
panel t -0.324423 -1.11114   1.630985  0.       -1.11114   1.662938 -0.360479 -0.765367  1.812255
panel t -0.382683 -0.39018   1.923878  0.      -0.39018  1.96157 -0.39018  0.       1.96157
panel t -0.382683  0.390181  1.923878  0.        0.390181  1.96157  -0.360479  0.765367  1.812255
panel t -0.324423  1.11114   1.630985  0.        1.11114   1.662938 -0.275899  1.414214  1.38704 
panel t   1.00000000e-06   1.66293900e+00   1.11114000e+00   1.00000000e-06   1.84775900e+00   7.65367000e-01 -0.216772  1.662939  1.08979 
panel t   1.00000000e-06  -1.84775900e+00   7.65366000e-01   1.00000000e-06  -1.66293900e+00   1.11114000e+00 -0.149315 -1.847759  0.75066 
panel t  0.       -1.414214  1.414213  0.       -1.11114   1.662938 -0.275899 -1.414214  1.38704 
panel t   1.00000000e-06  -7.65367000e-01   1.84775900e+00  0.      -0.39018  1.96157 -0.360479 -0.765367  1.812255
panel t  0.  0.  2.  0.        0.390181  1.96157  -0.39018  0.       1.96157
panel t   1.00000000e-06   7.65367000e-01   1.84775900e+00  0.        1.11114   1.662938 -0.360479  0.765367  1.812255
panel t -0.275899  1.414214  1.38704    1.00000000e-06   1.41421400e+00   1.41421400e+00 -0.216772  1.662939  1.08979 
panel t   1.00000000e-06  -1.96157100e+00   3.90180000e-01   1.00000000e-06  -1.84775900e+00   7.65366000e-01 -0.07612  -1.961571  0.382683
panel t   1.00000000e-06   1.84775900e+00   7.65367000e-01   1.00000000e-06   1.96157100e+00   3.90181000e-01 -0.149315  1.847759  0.75066 
panel t   1.00000000e-06  -1.66293900e+00   1.11114000e+00  0.       -1.414214  1.414213 -0.216772 -1.662939  1.08979 
panel t -0.636379 -1.11114   1.536355 -0.324423 -1.11114   1.630985 -0.707106 -0.765367  1.707107
panel t -0.382683 -0.39018   1.923878 -0.39018  0.       1.96157 -0.75066  -0.39018   1.812254
panel t -0.75066   0.390181  1.812254 -0.382683  0.390181  1.923878 -0.707106  0.765367  1.707107
panel t -0.636379  1.11114   1.536355 -0.324423  1.11114   1.630985 -0.541196  1.414214  1.306563
panel t -0.425214  1.662939  1.02656  -0.216772  1.662939  1.08979  -0.292893  1.847759  0.707107
panel t -0.292893 -1.847759  0.707106 -0.149315 -1.847759  0.75066  -0.425214 -1.662939  1.026559
panel t -0.275899 -1.414214  1.38704  -0.324423 -1.11114   1.630985 -0.541196 -1.414214  1.306563
panel t -0.360479 -0.765367  1.812255 -0.382683 -0.39018   1.923878 -0.707106 -0.765367  1.707107
panel t -0.39018  0.       1.96157 -0.382683  0.390181  1.923878 -0.765366  0.        1.847758
panel t -0.360479  0.765367  1.812255 -0.324423  1.11114   1.630985 -0.707106  0.765367  1.707107
panel t -0.275899  1.414214  1.38704  -0.216772  1.662939  1.08979  -0.541196  1.414214  1.306563
panel t -0.07612  -1.961571  0.382683 -0.149315 -1.847759  0.75066  -0.149315 -1.961571  0.36048 
panel t -0.292893  1.847759  0.707107 -0.149315  1.847759  0.75066  -0.149315  1.961571  0.36048 
panel t -0.216772 -1.662939  1.08979  -0.275899 -1.414214  1.38704  -0.425214 -1.662939  1.026559
panel t -0.923879 -1.11114   1.382682 -0.636379 -1.11114   1.536355 -1.026559 -0.765367  1.536355
panel t -1.089789 -0.39018   1.630985 -0.75066  -0.39018   1.812254 -1.11114   0.        1.662938
panel t -1.089789  0.390181  1.630985 -0.75066   0.390181  1.812254 -1.026559  0.765367  1.536355
panel t -0.923879  1.11114   1.382682 -0.636379  1.11114   1.536355 -0.785694  1.414214  1.175876
panel t -0.425214  1.662939  1.02656  -0.292893  1.847759  0.707107 -0.617316  1.662939  0.923879
panel t -0.292893 -1.847759  0.707106 -0.425214 -1.662939  1.026559 -0.425214 -1.847759  0.636379
panel t -0.541196 -1.414214  1.306563 -0.636379 -1.11114   1.536355 -0.785694 -1.414214  1.175875
panel t -0.707106 -0.765367  1.707107 -0.75066  -0.39018   1.812254 -1.026559 -0.765367  1.536355
panel t -0.765366  0.        1.847758 -0.75066   0.390181  1.812254 -1.11114   0.        1.662938
panel t -0.707106  0.765367  1.707107 -0.636379  1.11114   1.536355 -1.026559  0.765367  1.536355
panel t -0.541196  1.414214  1.306563 -0.425214  1.662939  1.02656  -0.785694  1.414214  1.175876
panel t -0.149315 -1.961571  0.36048  -0.292893 -1.847759  0.707106 -0.216772 -1.961571  0.324423
panel t -0.292893  1.847759  0.707107 -0.149315  1.961571  0.36048  -0.425214  1.847759  0.636379
panel t -0.425214 -1.662939  1.026559 -0.541196 -1.414214  1.306563 -0.617316 -1.662939  0.923879
panel t -1.175875 -1.11114   1.175875 -0.923879 -1.11114   1.382682 -1.306562 -0.765367  1.306563
panel t -1.387039 -0.39018   1.387039 -1.089789 -0.39018   1.630985 -1.414213  0.        1.414213
panel t -1.387039  0.390181  1.387039 -1.089789  0.390181  1.630985 -1.306562  0.765367  1.306563
panel t -1.175875  1.11114   1.175875 -0.923879  1.11114   1.382682 -0.999999  1.414214  1.      
panel t -0.617316  1.662939  0.923879 -0.425214  1.847759  0.636379 -0.785694  1.662939  0.785695
panel t -0.425214 -1.847759  0.636379 -0.617316 -1.662939  0.923879 -0.541195 -1.847759  0.541196
panel t -0.785694 -1.414214  1.175875 -0.923879 -1.11114   1.382682 -0.999999 -1.414214  1.      
panel t -1.026559 -0.765367  1.536355 -1.089789 -0.39018   1.630985 -1.306562 -0.765367  1.306563
panel t -1.11114   0.        1.662938 -1.089789  0.390181  1.630985 -1.414213  0.        1.414213
panel t -1.026559  0.765367  1.536355 -0.923879  1.11114   1.382682 -1.306562  0.765367  1.306563
panel t -0.785694  1.414214  1.175876 -0.617316  1.662939  0.923879 -0.999999  1.414214  1.      
panel t -0.216772 -1.961571  0.324423 -0.425214 -1.847759  0.636379 -0.275899 -1.961571  0.275899
panel t -0.425214  1.847759  0.636379 -0.216772  1.961571  0.324424 -0.541195  1.847759  0.541196
panel t -0.617316 -1.662939  0.923879 -0.785694 -1.414214  1.175875 -0.785694 -1.662939  0.785694
panel t -1.382682 -1.11114   0.923879 -1.175875 -1.11114   1.175875 -1.536355 -0.765367  1.02656 
panel t -1.387039 -0.39018   1.387039 -1.414213  0.        1.414213 -1.630985 -0.39018   1.089789
panel t -1.630985  0.390181  1.089789 -1.387039  0.390181  1.387039 -1.536355  0.765367  1.02656 
panel t -1.382682  1.11114   0.923879 -1.175875  1.11114   1.175875 -1.175875  1.414214  0.785695
panel t -0.785694  1.662939  0.785695 -0.541195  1.847759  0.541196 -0.923879  1.662939  0.617316
panel t -0.541195 -1.847759  0.541196 -0.785694 -1.662939  0.785694 -0.636378 -1.847759  0.425215
panel t -0.999999 -1.414214  1.       -1.175875 -1.11114   1.175875 -1.175875 -1.414214  0.785695
panel t -1.306562 -0.765367  1.306563 -1.387039 -0.39018   1.387039 -1.536355 -0.765367  1.02656 
panel t -1.662938  0.        1.11114  -1.414213  0.        1.414213 -1.630985  0.390181  1.089789
panel t -1.306562  0.765367  1.306563 -1.175875  1.11114   1.175875 -1.536355  0.765367  1.02656 
panel t -0.999999  1.414214  1.       -0.785694  1.662939  0.785695 -1.175875  1.414214  0.785695
panel t -0.275899 -1.961571  0.275899 -0.541195 -1.847759  0.541196 -0.324423 -1.961571  0.216773
panel t -0.541195  1.847759  0.541196 -0.275899  1.961571  0.2759   -0.636379  1.847759  0.425215
panel t -0.923879 -1.662939  0.617316 -0.785694 -1.662939  0.785694 -1.175875 -1.414214  0.785695
panel t -1.536354 -1.11114   0.636378 -1.382682 -1.11114   0.923879 -1.707106 -0.765367  0.707107
panel t -1.630985 -0.39018   1.089789 -1.662938  0.        1.11114  -1.812253 -0.39018   0.75066 
panel t -1.812253  0.390181  0.75066  -1.630985  0.390181  1.089789 -1.707106  0.765367  0.707107
panel t -1.536354  1.11114   0.636378 -1.382682  1.11114   0.923879 -1.306562  1.414214  0.541196
panel t -0.923879  1.662939  0.617316 -0.636379  1.847759  0.425215 -1.026559  1.662939  0.425215
panel t -0.636378 -1.847759  0.425215 -0.923879 -1.662939  0.617316 -0.707106 -1.847759  0.292893
panel t -1.175875 -1.414214  0.785695 -1.382682 -1.11114   0.923879 -1.306562 -1.414214  0.541196
panel t -1.536355 -0.765367  1.02656  -1.630985 -0.39018   1.089789 -1.707106 -0.765367  0.707107
panel t -1.662938  0.        1.11114  -1.630985  0.390181  1.089789 -1.847758  0.        0.765366
panel t -1.536355  0.765367  1.02656  -1.382682  1.11114   0.923879 -1.707106  0.765367  0.707107
panel t -1.175875  1.414214  0.785695 -0.923879  1.662939  0.617316 -1.306562  1.414214  0.541196
panel t -0.324423 -1.961571  0.216773 -0.636378 -1.847759  0.425215 -0.360479 -1.961571  0.149316
panel t -0.707106  1.847759  0.292893 -0.636379  1.847759  0.425215 -0.36048   1.961571  0.149316
panel t -0.923879 -1.662939  0.617316 -1.175875 -1.414214  0.785695 -1.026559 -1.662939  0.425215
panel t -1.630985 -1.11114   0.324423 -1.536354 -1.11114   0.636378 -1.812254 -0.765367  0.36048 
panel t -1.812253 -0.39018   0.75066  -1.847758  0.        0.765366 -1.923878 -0.39018   0.382683
panel t -1.923878  0.390181  0.382683 -1.812253  0.390181  0.75066  -1.812254  0.765367  0.36048 
panel t -1.630985  1.11114   0.324423 -1.536354  1.11114   0.636378 -1.387039  1.414214  0.275899
panel t -1.026559  1.662939  0.425215 -0.707106  1.847759  0.292893 -1.089789  1.662939  0.216772
panel t -0.75066  -1.847759  0.149315 -0.707106 -1.847759  0.292893 -1.089789 -1.662939  0.216772
panel t -1.306562 -1.414214  0.541196 -1.536354 -1.11114   0.636378 -1.387039 -1.414214  0.275899
panel t -1.707106 -0.765367  0.707107 -1.812253 -0.39018   0.75066  -1.812254 -0.765367  0.36048 
panel t -1.847758  0.        0.765366 -1.812253  0.390181  0.75066  -1.961569  0.        0.39018 
panel t -1.707106  0.765367  0.707107 -1.536354  1.11114   0.636378 -1.812254  0.765367  0.36048 
panel t -1.306562  1.414214  0.541196 -1.026559  1.662939  0.425215 -1.387039  1.414214  0.275899
panel t -0.360479 -1.961571  0.149316 -0.707106 -1.847759  0.292893 -0.382683 -1.961571  0.07612 
panel t -0.707106  1.847759  0.292893 -0.36048   1.961571  0.149316 -0.75066   1.847759  0.149315
panel t -1.026559 -1.662939  0.425215 -1.306562 -1.414214  0.541196 -1.089789 -1.662939  0.216772
panel t -1.630985 -1.11114   0.324423 -1.812254 -0.765367  0.36048  -1.662939 -1.11114   0.      
panel t -1.923878 -0.39018   0.382683 -1.961569  0.        0.39018  -1.961571 -0.39018   0.      
panel t -1.961571  0.390181  0.       -1.923878  0.390181  0.382683 -1.847759  0.765367  0.      
panel t -1.662939  1.11114   0.       -1.630985  1.11114   0.324423 -1.414214  1.414214  0.      
panel t -1.11114   1.662939  0.       -1.089789  1.662939  0.216772 -0.765367  1.847759  0.      
panel t -0.75066  -1.847759  0.149315 -1.089789 -1.662939  0.216772 -0.765367 -1.847759  0.      
panel t -1.387039 -1.414214  0.275899 -1.630985 -1.11114   0.324423 -1.414214 -1.414214  0.      
panel t -1.812254 -0.765367  0.36048  -1.923878 -0.39018   0.382683 -1.847759 -0.765367  0.      
panel t -2.  0.  0. -1.961569  0.        0.39018  -1.961571  0.390181  0.      
panel t -1.847759  0.765367  0.       -1.812254  0.765367  0.36048  -1.662939  1.11114   0.      
panel t -1.414214  1.414214  0.       -1.387039  1.414214  0.275899 -1.11114   1.662939  0.      
panel t -0.382683 -1.961571  0.07612  -0.75066  -1.847759  0.149315 -0.39018  -1.961571  0.      
panel t -0.765367  1.847759  0.       -0.75066   1.847759  0.149315 -0.390181  1.961571  0.      
panel t -1.089789 -1.662939  0.216772 -1.387039 -1.414214  0.275899 -1.11114  -1.662939  0.      

end_file
