panel t -1.662939 -1.11114   0.       -1.536355 -1.11114  -0.63638  -1.306563 -1.414214 -0.541196
panel t -1.961571  0.390181  0.       -1.812255  0.390181 -0.750661 -1.847759  0.       -0.765367
panel t -1.11114   1.662939  0.       -1.02656   1.662939 -0.425215 -1.306563  1.414214 -0.541196
panel t -1.662939  1.11114   0.       -1.414214  1.414214  0.       -1.306563  1.414214 -0.541196
panel t -1.11114  -1.662939  0.       -1.414214 -1.414214  0.       -1.306563 -1.414214 -0.541196
panel t -1.961571 -0.39018   0.       -2.  0.  0. -1.847759  0.       -0.765367
panel t -1.847759 -0.765367  0.       -1.961571 -0.39018   0.       -1.812255 -0.39018  -0.750661
panel t -1.847759  0.765367  0.       -1.662939  1.11114   0.       -1.536355  1.11114  -0.63638 
panel t -0.390181  1.961571  0.       -0.36048   1.961571 -0.149316 -0.707107  1.847759 -0.292893
panel t -0.765367 -1.847759  0.       -1.11114  -1.662939  0.       -1.02656  -1.662939 -0.425215
panel t -0.39018  -1.961571  0.       -0.765367 -1.847759  0.       -0.707106 -1.847759 -0.292893
panel t -1.847759 -0.765367  0.       -1.707107 -0.765367 -0.707107 -1.536355 -1.11114  -0.63638 
panel t -1.847759  0.765367  0.       -1.707107  0.765367 -0.707107 -1.812255  0.390181 -0.750661
panel t -0.765367  1.847759  0.       -0.707107  1.847759 -0.292893 -1.02656   1.662939 -0.425215
panel t -1.02656   1.662939 -0.425215 -0.785695  1.662939 -0.785695 -1.        1.414214 -1.      
panel t -1.536355 -1.11114  -0.63638  -1.175875 -1.11114  -1.175876 -1.       -1.414214 -1.      
panel t -1.812255  0.390181 -0.750661 -1.38704   0.390181 -1.38704  -1.414213  0.       -1.414214
panel t -1.812255 -0.39018  -0.750661 -1.847759  0.       -0.765367 -1.414213  0.       -1.414214
panel t -1.536355  1.11114  -0.63638  -1.306563  1.414214 -0.541196 -1.        1.414214 -1.      
panel t -1.02656  -1.662939 -0.425215 -1.306563 -1.414214 -0.541196 -1.       -1.414214 -1.      
panel t -0.707106 -1.847759 -0.292893 -1.02656  -1.662939 -0.425215 -0.785695 -1.662939 -0.785695
panel t -1.707107 -0.765367 -0.707107 -1.812255 -0.39018  -0.750661 -1.38704 -0.39018 -1.38704
panel t -1.536355  1.11114  -0.63638  -1.175875  1.11114  -1.175876 -1.306563  0.765367 -1.306563
panel t -0.36048   1.961571 -0.149316 -0.275899  1.961571 -0.2759   -0.541196  1.847759 -0.541197
panel t -0.360479 -1.961571 -0.149316 -0.707106 -1.847759 -0.292893 -0.541196 -1.847759 -0.541196
panel t -1.707107 -0.765367 -0.707107 -1.306563 -0.765367 -1.306563 -1.175875 -1.11114  -1.175876
panel t -1.707107  0.765367 -0.707107 -1.306563  0.765367 -1.306563 -1.38704   0.390181 -1.38704 
panel t -1.02656   1.662939 -0.425215 -0.707107  1.847759 -0.292893 -0.541196  1.847759 -0.541197
panel t -1.306563 -0.765367 -1.306563 -0.707106 -0.765367 -1.707107 -0.636379 -1.11114  -1.536356
panel t -1.306563  0.765367 -1.306563 -0.707106  0.765367 -1.707107 -0.75066   0.390181 -1.812256
panel t -0.785695  1.662939 -0.785695 -0.541196  1.847759 -0.541197 -0.292893  1.847759 -0.707107
panel t -0.275899 -1.961571 -0.275899 -0.541196 -1.847759 -0.541196 -0.292893 -1.847759 -0.707107
panel t -1.       -1.414214 -1.       -1.175875 -1.11114  -1.175876 -0.636379 -1.11114  -1.536356
panel t -1.38704   0.390181 -1.38704  -0.75066   0.390181 -1.812256 -0.765366  0.       -1.84776 
panel t -0.785695  1.662939 -0.785695 -0.425214  1.662939 -1.026561 -0.541196  1.414214 -1.306564
panel t -1.       -1.414214 -1.       -0.541196 -1.414214 -1.306564 -0.425214 -1.662939 -1.02656 
panel t -1.414213  0.       -1.414214 -0.765366  0.       -1.84776  -0.75066  -0.39018  -1.812256
panel t -1.175875  1.11114  -1.175876 -1.        1.414214 -1.       -0.541196  1.414214 -1.306564
panel t -1.175875  1.11114  -1.175876 -0.636379  1.11114  -1.536356 -0.707106  0.765367 -1.707107
panel t -0.275899  1.961571 -0.2759   -0.149315  1.961571 -0.360481 -0.292893  1.847759 -0.707107
panel t -0.541196 -1.847759 -0.541196 -0.785695 -1.662939 -0.785695 -0.425214 -1.662939 -1.02656 
panel t -1.306563 -0.765367 -1.306563 -1.38704 -0.39018 -1.38704 -0.75066  -0.39018  -1.812256
panel t -0.425214 -1.662939 -1.02656    1.00000000e-06  -1.66293900e+00  -1.11114100e+00   1.00000000e-06  -1.84775900e+00  -7.65367000e-01
panel t -0.707106 -0.765367 -1.707107 -0.75066  -0.39018  -1.812256   1.00000000e-06  -3.90180000e-01  -1.96157100e+00
panel t -0.636379  1.11114  -1.536356   1.00000000e-06   1.11114000e+00  -1.66294000e+00   1.00000000e-06   7.65367000e-01  -1.84775900e+00
panel t -0.149315  1.961571 -0.360481   1.00000000e-06   1.96157100e+00  -3.90181000e-01   1.00000000e-06   1.84775900e+00  -7.65368000e-01
panel t -0.425214  1.662939 -1.026561 -0.292893  1.847759 -0.707107   1.00000000e-06   1.84775900e+00  -7.65368000e-01
panel t -0.292893 -1.847759 -0.707107   1.00000000e-06  -1.84775900e+00  -7.65367000e-01   1.00000000e-06  -1.96157100e+00  -3.90181000e-01
panel t -0.707106 -0.765367 -1.707107   1.00000000e-06  -7.65367000e-01  -1.84776000e+00   1.00000000e-06  -1.11114000e+00  -1.66294000e+00
panel t -0.75066   0.390181 -1.812256 -0.707106  0.765367 -1.707107   1.00000000e-06   7.65367000e-01  -1.84775900e+00
panel t -0.75066   0.390181 -1.812256   1.00000000e-06   3.90181000e-01  -1.96157100e+00   1.00000000e-06   0.00000000e+00  -2.00000000e+00
panel t -0.425214  1.662939 -1.026561   1.00000000e-06   1.66293900e+00  -1.11114100e+00   1.00000000e-06   1.41421400e+00  -1.41421400e+00
panel t -0.541196 -1.414214 -1.306564 -0.636379 -1.11114  -1.536356   1.00000000e-06  -1.11114000e+00  -1.66294000e+00
panel t -0.541196 -1.414214 -1.306564   1.00000000e-06  -1.41421400e+00  -1.41421400e+00   1.00000000e-06  -1.66293900e+00  -1.11114100e+00
panel t -0.75066  -0.39018  -1.812256 -0.765366  0.       -1.84776    1.00000000e-06   0.00000000e+00  -2.00000000e+00
panel t -0.636379  1.11114  -1.536356 -0.541196  1.414214 -1.306564   1.00000000e-06   1.41421400e+00  -1.41421400e+00
panel t   1.00000000e-06   1.41421400e+00  -1.41421400e+00  0.541197  1.414214 -1.306563  0.63638   1.11114  -1.536356
panel t   1.00000000e-06  -1.66293900e+00  -1.11114100e+00   1.00000000e-06  -1.41421400e+00  -1.41421400e+00  0.541197 -1.414214 -1.306563
panel t   1.00000000e-06   0.00000000e+00  -2.00000000e+00  0.765368  0.       -1.847759  0.750662 -0.39018  -1.812255
panel t   1.00000000e-06  -7.65367000e-01  -1.84776000e+00   1.00000000e-06  -3.90180000e-01  -1.96157100e+00  0.750662 -0.39018  -1.812255
panel t   1.00000000e-06   1.11114000e+00  -1.66294000e+00  0.63638   1.11114  -1.536356  0.707108  0.765367 -1.707107
panel t   1.00000000e-06   1.96157100e+00  -3.90181000e-01  0.149317  1.961571 -0.36048   0.292894  1.847759 -0.707107
panel t   1.00000000e-06  -1.84775900e+00  -7.65367000e-01   1.00000000e-06  -1.66293900e+00  -1.11114100e+00  0.425216 -1.662939 -1.02656 
panel t   1.00000000e-06  -1.96157100e+00  -3.90181000e-01   1.00000000e-06  -1.84775900e+00  -7.65367000e-01  0.292894 -1.847759 -0.707107
panel t   1.00000000e-06  -1.11114000e+00  -1.66294000e+00   1.00000000e-06  -7.65367000e-01  -1.84776000e+00  0.707108 -0.765367 -1.707107
panel t   1.00000000e-06   3.90181000e-01  -1.96157100e+00   1.00000000e-06   7.65367000e-01  -1.84775900e+00  0.707108  0.765367 -1.707107
panel t   1.00000000e-06   1.66293900e+00  -1.11114100e+00   1.00000000e-06   1.84775900e+00  -7.65368000e-01  0.292894  1.847759 -0.707107
panel t   1.00000000e-06  -1.41421400e+00  -1.41421400e+00   1.00000000e-06  -1.11114000e+00  -1.66294000e+00  0.63638  -1.11114  -1.536356
panel t   1.00000000e-06   0.00000000e+00  -2.00000000e+00   1.00000000e-06   3.90181000e-01  -1.96157100e+00  0.750662  0.390181 -1.812255
panel t   1.00000000e-06   1.66293900e+00  -1.11114100e+00  0.425216  1.662939 -1.02656   0.541197  1.414214 -1.306563
panel t  0.63638  -1.11114  -1.536356  1.175877 -1.11114  -1.175876  1.000001 -1.414214 -1.      
panel t  0.765368  0.       -1.847759  0.750662  0.390181 -1.812255  1.387041  0.390181 -1.38704 
panel t  0.425216  1.662939 -1.02656   0.785696  1.662939 -0.785695  1.000001  1.414214 -1.      
panel t  0.425216 -1.662939 -1.02656   0.541197 -1.414214 -1.306563  1.000001 -1.414214 -1.      
panel t  0.765368  0.       -1.847759  1.414215  0.       -1.414214  1.387041 -0.39018  -1.38704 
panel t  0.541197  1.414214 -1.306563  1.000001  1.414214 -1.        1.175877  1.11114  -1.175876
panel t  0.149317  1.961571 -0.36048   0.275901  1.961571 -0.2759    0.541197  1.847759 -0.541196
panel t  0.292894 -1.847759 -0.707107  0.425216 -1.662939 -1.02656   0.785696 -1.662939 -0.785695
panel t  0.707108 -0.765367 -1.707107  0.750662 -0.39018  -1.812255  1.387041 -0.39018  -1.38704 
panel t  0.63638   1.11114  -1.536356  1.175877  1.11114  -1.175876  1.306564  0.765367 -1.306563
panel t  0.750662  0.390181 -1.812255  0.707108  0.765367 -1.707107  1.306564  0.765367 -1.306563
panel t  0.292894  1.847759 -0.707107  0.541197  1.847759 -0.541196  0.785696  1.662939 -0.785695
panel t  0.149316 -1.961571 -0.36048   0.292894 -1.847759 -0.707107  0.541197 -1.847759 -0.541196
panel t  0.707108 -0.765367 -1.707107  1.306564 -0.765367 -1.306563  1.175877 -1.11114  -1.175876
panel t  0.2759   -1.961571 -0.275899  0.541197 -1.847759 -0.541196  0.707108 -1.847759 -0.292893
panel t  1.175877 -1.11114  -1.175876  1.306564 -0.765367 -1.306563  1.707108 -0.765367 -0.707107
panel t  1.387041  0.390181 -1.38704   1.306564  0.765367 -1.306563  1.707108  0.765367 -0.707107
panel t  0.785696  1.662939 -0.785695  0.541197  1.847759 -0.541196  0.707108  1.847759 -0.292893
panel t  1.000001  1.414214 -1.        0.785696  1.662939 -0.785695  1.026561  1.662939 -0.425215
panel t  1.000001 -1.414214 -1.        1.175877 -1.11114  -1.175876  1.536357 -1.11114  -0.636379
panel t  1.387041  0.390181 -1.38704   1.812256  0.390181 -0.75066   1.84776   0.       -0.765367
panel t  1.414215  0.       -1.414214  1.84776   0.       -0.765367  1.812256 -0.39018  -0.75066 
panel t  1.000001  1.414214 -1.        1.306564  1.414214 -0.541196  1.536357  1.11114  -0.636379
panel t  1.000001 -1.414214 -1.        1.306564 -1.414214 -0.541196  1.026561 -1.662939 -0.425215
panel t  0.785696 -1.662939 -0.785695  1.026561 -1.662939 -0.425215  0.707108 -1.847759 -0.292893
panel t  1.306564 -0.765367 -1.306563  1.387041 -0.39018  -1.38704   1.812256 -0.39018  -0.75066 
panel t  1.175877  1.11114  -1.175876  1.536357  1.11114  -0.636379  1.707108  0.765367 -0.707107
panel t  0.541197  1.847759 -0.541196  0.275901  1.961571 -0.2759    0.360481  1.961571 -0.149316
panel t  1.536357  1.11114  -0.636379  1.66294  1.11114  0.       1.84776   0.765367  0.      
panel t  0.707108  1.847759 -0.292893  0.360481  1.961571 -0.149316  0.390182  1.961571  0.      
panel t  0.707108 -1.847759 -0.292893  1.026561 -1.662939 -0.425215  1.111142 -1.662939  0.      
panel t  1.707108 -0.765367 -0.707107  1.812256 -0.39018  -0.75066    1.96157200e+00  -3.90180000e-01   1.00000000e-06
panel t  1.536357 -1.11114  -0.636379  1.707108 -0.765367 -0.707107   1.84776000e+00  -7.65367000e-01   1.00000000e-06
panel t  1.812256  0.390181 -0.75066   1.707108  0.765367 -0.707107  1.84776   0.765367  0.      
panel t  0.707108  1.847759 -0.292893  0.765368  1.847759  0.        1.111142  1.662939  0.      
panel t  0.360481 -1.961571 -0.149316  0.707108 -1.847759 -0.292893  0.765368 -1.847759  0.      
panel t  1.306564 -1.414214 -0.541196  1.536357 -1.11114  -0.636379  1.66294 -1.11114  0.     
panel t  1.84776   0.       -0.765367  1.812256  0.390181 -0.75066    1.96157200e+00   3.90181000e-01   1.00000000e-06
panel t  1.026561  1.662939 -0.425215  1.111142  1.662939  0.        1.414215  1.414214  0.      
panel t  1.306564 -1.414214 -0.541196  1.414215 -1.414214  0.        1.111142 -1.662939  0.      
panel t  1.84776   0.       -0.765367   2.00000100e+00   0.00000000e+00   1.00000000e-06   1.96157200e+00  -3.90180000e-01   1.00000000e-06
panel t  1.306564  1.414214 -0.541196  1.414215  1.414214  0.        1.66294  1.11114  0.     
panel t  1.414215 -1.414214  0.        1.306564 -1.414214  0.541197  1.026561 -1.662939  0.425216
panel t   2.00000100e+00   0.00000000e+00   1.00000000e-06  1.84776   0.        0.765368  1.812256 -0.39018   0.750661
panel t  1.414215  1.414214  0.        1.306564  1.414214  0.541197  1.536356  1.11114   0.63638 
panel t  1.111142 -1.662939  0.        1.026561 -1.662939  0.425216  0.707108 -1.847759  0.292894
panel t   1.84776000e+00  -7.65367000e-01   1.00000000e-06   1.96157200e+00  -3.90180000e-01   1.00000000e-06  1.812256 -0.39018   0.750661
panel t  1.66294  1.11114  0.       1.536356  1.11114   0.63638   1.707107  0.765367  0.707107
panel t  0.765368  1.847759  0.        0.390182  1.961571  0.        0.360481  1.961571  0.149316
panel t  0.765368  1.847759  0.        0.707108  1.847759  0.292894  1.026561  1.662939  0.425216
panel t  0.390181 -1.961571  0.        0.765368 -1.847759  0.        0.707108 -1.847759  0.292894
panel t  1.66294 -1.11114  0.        1.84776000e+00  -7.65367000e-01   1.00000000e-06  1.707108 -0.765367  0.707107
panel t   1.96157200e+00   3.90181000e-01   1.00000000e-06  1.84776   0.765367  0.        1.707107  0.765367  0.707107
panel t   1.96157200e+00   3.90181000e-01   1.00000000e-06  1.812256  0.390181  0.750661  1.84776   0.        0.765368
panel t  1.111142  1.662939  0.        1.026561  1.662939  0.425216  1.306564  1.414214  0.541197
panel t  1.414215 -1.414214  0.        1.66294 -1.11114  0.       1.536356 -1.11114   0.63638 
panel t  1.306564 -1.414214  0.541197  1.536356 -1.11114   0.63638   1.175876 -1.11114   1.175876
panel t  1.812256  0.390181  0.750661  1.38704   0.390181  1.38704   1.414214  0.        1.414214
panel t  1.306564  1.414214  0.541197  1.026561  1.662939  0.425216  0.785696  1.662939  0.785696
panel t  1.306564  1.414214  0.541197  1.000001  1.414214  1.000001  1.175876  1.11114   1.175876
panel t  1.306564 -1.414214  0.541197  1.000001 -1.414214  1.000001  0.785696 -1.662939  0.785696
panel t  1.84776   0.        0.765368  1.414214  0.        1.414214  1.38704 -0.39018  1.38704
panel t  1.707108 -0.765367  0.707107  1.812256 -0.39018   0.750661  1.38704 -0.39018  1.38704
panel t  1.536356  1.11114   0.63638   1.175876  1.11114   1.175876  1.306563  0.765367  1.306563
panel t  0.707108  1.847759  0.292894  0.360481  1.961571  0.149316  0.2759    1.961571  0.2759  
panel t  0.707108 -1.847759  0.292894  1.026561 -1.662939  0.425216  0.785696 -1.662939  0.785696
panel t  0.707108 -1.847759  0.292894  0.541197 -1.847759  0.541196  0.2759   -1.961571  0.2759  
panel t  1.536356 -1.11114   0.63638   1.707108 -0.765367  0.707107  1.306563 -0.765367  1.306564
panel t  1.707107  0.765367  0.707107  1.306563  0.765367  1.306563  1.38704   0.390181  1.38704 
panel t  0.707108  1.847759  0.292894  0.541197  1.847759  0.541197  0.785696  1.662939  0.785696
panel t  1.38704   0.390181  1.38704   1.306563  0.765367  1.306563  0.707107  0.765367  1.707107
panel t  0.785696  1.662939  0.785696  0.541197  1.847759  0.541197  0.292894  1.847759  0.707107
panel t  0.541197 -1.847759  0.541196  0.292894 -1.847759  0.707107  0.149316 -1.961571  0.36048 
panel t  1.175876 -1.11114   1.175876  1.306563 -0.765367  1.306564  0.707107 -0.765367  1.707107
panel t  1.000001 -1.414214  1.000001  1.175876 -1.11114   1.175876  0.63638  -1.11114   1.536356
panel t  1.38704   0.390181  1.38704   0.750661  0.390181  1.812255  0.765367  0.        1.847759
panel t  1.000001  1.414214  1.000001  0.785696  1.662939  0.785696  0.425215  1.662939  1.026561
panel t  1.000001 -1.414214  1.000001  0.541196 -1.414214  1.306564  0.425215 -1.662939  1.026561
panel t  1.414214  0.        1.414214  0.765367  0.        1.847759  0.750661 -0.39018   1.812255
panel t  1.000001  1.414214  1.000001  0.541196  1.414214  1.306564  0.63638   1.11114   1.536356
panel t  0.541197  1.847759  0.541197  0.2759    1.961571  0.2759    0.149316  1.961571  0.360481
panel t  0.541197 -1.847759  0.541196  0.785696 -1.662939  0.785696  0.425215 -1.662939  1.026561
panel t  1.306563 -0.765367  1.306564  1.38704 -0.39018  1.38704  0.750661 -0.39018   1.812255
panel t  1.175876  1.11114   1.175876  0.63638   1.11114   1.536356  0.707107  0.765367  1.707107
panel t  0.292894 -1.847759  0.707107  0.425215 -1.662939  1.026561  0.       -1.662939  1.111141
panel t  0.707107 -0.765367  1.707107  0.750661 -0.39018   1.812255 -0.       -0.39018   1.961571
panel t  0.63638   1.11114   1.536356  0.       1.11114  1.66294 -0.        0.765367  1.847759
panel t  0.292894  1.847759  0.707107  0.149316  1.961571  0.360481  0.        1.961571  0.390181
panel t  0.149316 -1.961571  0.36048   0.292894 -1.847759  0.707107  0.       -1.847759  0.765367
panel t  0.707107 -0.765367  1.707107 -0.       -0.765367  1.847759  0.      -1.11114  1.66294
panel t  0.750661  0.390181  1.812255  0.707107  0.765367  1.707107 -0.        0.765367  1.847759
panel t  0.292894  1.847759  0.707107  0.        1.847759  0.765367  0.        1.662939  1.111141
panel t  0.541196  1.414214  1.306564  0.425215  1.662939  1.026561  0.        1.662939  1.111141
panel t  0.541196 -1.414214  1.306564  0.63638  -1.11114   1.536356  0.      -1.11114  1.66294
panel t  0.750661  0.390181  1.812255 -0.        0.390181  1.961571 -0.  0.  2.
panel t  0.765367  0.        1.847759 -0.  0.  2. -0.       -0.39018   1.961571
panel t  0.541196  1.414214  1.306564 -0.        1.414214  1.414214  0.       1.11114  1.66294
panel t  0.541196 -1.414214  1.306564 -0.       -1.414214  1.414214  0.       -1.662939  1.111141
panel t -0.       -1.414214  1.414214 -0.541196 -1.414214  1.306563 -0.425215 -1.662939  1.02656 
panel t -0.  0.  2. -0.765367  0.        1.847759 -0.750661 -0.39018   1.812255
panel t -0.        1.414214  1.414214 -0.541196  1.414214  1.306563 -0.636379  1.11114   1.536355
panel t  0.       1.11114  1.66294 -0.636379  1.11114   1.536355 -0.707107  0.765367  1.707107
panel t  0.        1.847759  0.765367  0.        1.961571  0.390181 -0.149315  1.961571  0.36048 
panel t  0.       -1.847759  0.765367  0.       -1.662939  1.111141 -0.425215 -1.662939  1.02656 
panel t -0.       -0.765367  1.847759 -0.       -0.39018   1.961571 -0.750661 -0.39018   1.812255
panel t -0.       -0.765367  1.847759 -0.707107 -0.765367  1.707107 -0.636379 -1.11114   1.536355
panel t -0.        0.390181  1.961571 -0.        0.765367  1.847759 -0.707107  0.765367  1.707107
panel t  0.        1.662939  1.111141  0.        1.847759  0.765367 -0.292893  1.847759  0.707107
panel t  0.       -1.961571  0.390181  0.       -1.847759  0.765367 -0.292893 -1.847759  0.707107
panel t -0.       -1.414214  1.414214  0.      -1.11114  1.66294 -0.636379 -1.11114   1.536355
panel t -0.        0.390181  1.961571 -0.750661  0.390181  1.812255 -0.765367  0.        1.847759
panel t -0.        1.414214  1.414214  0.        1.662939  1.111141 -0.425215  1.662939  1.02656 
panel t -0.765367  0.        1.847759 -0.750661  0.390181  1.812255 -1.38704   0.390181  1.387039
panel t -0.541196  1.414214  1.306563 -0.425215  1.662939  1.02656  -0.785695  1.662939  0.785695
panel t -0.541196 -1.414214  1.306563 -0.636379 -1.11114   1.536355 -1.175876 -1.11114   1.175875
panel t -0.541196 -1.414214  1.306563 -1.       -1.414214  1.       -0.785695 -1.662939  0.785695
panel t -0.765367  0.        1.847759 -1.414214  0.        1.414213 -1.38704  -0.39018   1.387039
panel t -0.541196  1.414214  1.306563 -1.        1.414214  1.       -1.175876  1.11114   1.175875
panel t -0.292893 -1.847759  0.707107 -0.425215 -1.662939  1.02656  -0.785695 -1.662939  0.785695
panel t -0.707107 -0.765367  1.707107 -0.750661 -0.39018   1.812255 -1.38704  -0.39018   1.387039
panel t -0.636379  1.11114   1.536355 -1.175876  1.11114   1.175875 -1.306563  0.765367  1.306562
panel t -0.292893  1.847759  0.707107 -0.149315  1.961571  0.36048  -0.275899  1.961571  0.2759  
panel t -0.292893  1.847759  0.707107 -0.541196  1.847759  0.541196 -0.785695  1.662939  0.785695
panel t -0.149315 -1.961571  0.36048  -0.292893 -1.847759  0.707107 -0.541196 -1.847759  0.541196
panel t -0.707107 -0.765367  1.707107 -1.306563 -0.765367  1.306563 -1.175876 -1.11114   1.175875
panel t -0.750661  0.390181  1.812255 -0.707107  0.765367  1.707107 -1.306563  0.765367  1.306562
panel t -0.541196 -1.847759  0.541196 -0.707106 -1.847759  0.292893 -0.360479 -1.961571  0.149315
panel t -1.175876 -1.11114   1.175875 -1.306563 -0.765367  1.306563 -1.707107 -0.765367  0.707106
panel t -1.306563  0.765367  1.306562 -1.707106  0.765367  0.707106 -1.812255  0.390181  0.75066 
panel t -0.541196  1.847759  0.541196 -0.707107  1.847759  0.292893 -1.02656   1.662939  0.425215
panel t -1.       -1.414214  1.       -1.175876 -1.11114   1.175875 -1.536355 -1.11114   0.636379
panel t -1.414214  0.        1.414213 -1.38704   0.390181  1.387039 -1.812255  0.390181  0.75066 
panel t -1.        1.414214  1.       -0.785695  1.662939  0.785695 -1.02656   1.662939  0.425215
panel t -1.        1.414214  1.       -1.306563  1.414214  0.541196 -1.536355  1.11114   0.636379
panel t -1.       -1.414214  1.       -1.306563 -1.414214  0.541196 -1.02656  -1.662939  0.425215
panel t -1.414214  0.        1.414213 -1.847759  0.        0.765366 -1.812255 -0.39018   0.75066 
panel t -1.306563 -0.765367  1.306563 -1.38704  -0.39018   1.387039 -1.812255 -0.39018   0.75066 
panel t -1.175876  1.11114   1.175875 -1.536355  1.11114   0.636379 -1.707106  0.765367  0.707106
panel t -0.541196  1.847759  0.541196 -0.275899  1.961571  0.2759   -0.36048   1.961571  0.149316
panel t -0.541196 -1.847759  0.541196 -0.785695 -1.662939  0.785695 -1.02656  -1.662939  0.425215
panel t   1.00000000e-06  -2.00000000e+00   0.00000000e+00 -0.39018  -1.961571  0.       -0.360479 -1.961571 -0.149316
panel t -0.390181  1.961571  0.        0.  2.  0. -0.36048   1.961571 -0.149316
panel t   1.00000000e-06  -2.00000000e+00   0.00000000e+00 -0.360479 -1.961571 -0.149316 -0.275899 -1.961571 -0.275899
panel t -0.36048   1.961571 -0.149316  0.  2.  0. -0.275899  1.961571 -0.2759  
panel t   1.00000000e-06  -2.00000000e+00   0.00000000e+00 -0.275899 -1.961571 -0.275899 -0.149315 -1.961571 -0.36048 
panel t -0.275899  1.961571 -0.2759    0.  2.  0. -0.149315  1.961571 -0.360481
panel t   1.00000000e-06  -2.00000000e+00   0.00000000e+00 -0.149315 -1.961571 -0.36048    1.00000000e-06  -1.96157100e+00  -3.90181000e-01
panel t -0.149315  1.961571 -0.360481  0.  2.  0.   1.00000000e-06   1.96157100e+00  -3.90181000e-01
panel t   1.00000000e-06   1.96157100e+00  -3.90181000e-01  0.  2.  0.  0.149317  1.961571 -0.36048 
panel t   1.00000000e-06  -2.00000000e+00   0.00000000e+00   1.00000000e-06  -1.96157100e+00  -3.90181000e-01  0.149316 -1.961571 -0.36048 
panel t   1.00000000e-06  -2.00000000e+00   0.00000000e+00  0.149316 -1.961571 -0.36048   0.2759   -1.961571 -0.275899
panel t  0.149317  1.961571 -0.36048   0.  2.  0.  0.275901  1.961571 -0.2759  
panel t   1.00000000e-06  -2.00000000e+00   0.00000000e+00  0.2759   -1.961571 -0.275899  0.360481 -1.961571 -0.149316
panel t  0.275901  1.961571 -0.2759    0.  2.  0.  0.360481  1.961571 -0.149316
panel t   1.00000000e-06  -2.00000000e+00   0.00000000e+00  0.360481 -1.961571 -0.149316  0.390181 -1.961571  0.      
panel t  0.360481  1.961571 -0.149316  0.  2.  0.  0.390182  1.961571  0.      
panel t  0.390182  1.961571  0.        0.  2.  0.  0.360481  1.961571  0.149316
panel t   1.00000000e-06  -2.00000000e+00   0.00000000e+00  0.390181 -1.961571  0.        0.360481 -1.961571  0.149316
panel t   1.00000000e-06  -2.00000000e+00   0.00000000e+00  0.360481 -1.961571  0.149316  0.2759   -1.961571  0.2759  
panel t  0.360481  1.961571  0.149316  0.  2.  0.  0.2759    1.961571  0.2759  
panel t   1.00000000e-06  -2.00000000e+00   0.00000000e+00  0.2759   -1.961571  0.2759    0.149316 -1.961571  0.36048 
panel t  0.2759    1.961571  0.2759    0.  2.  0.  0.149316  1.961571  0.360481
panel t   1.00000000e-06  -2.00000000e+00   0.00000000e+00  0.149316 -1.961571  0.36048   0.       -1.961571  0.390181
panel t  0.149316  1.961571  0.360481  0.  2.  0.  0.        1.961571  0.390181
panel t  0.        1.961571  0.390181  0.  2.  0. -0.149315  1.961571  0.36048 
panel t   1.00000000e-06  -2.00000000e+00   0.00000000e+00  0.       -1.961571  0.390181 -0.149315 -1.961571  0.36048 
panel t   1.00000000e-06  -2.00000000e+00   0.00000000e+00 -0.149315 -1.961571  0.36048  -0.275899 -1.961571  0.275899
panel t -0.149315  1.961571  0.36048   0.  2.  0. -0.275899  1.961571  0.2759  
panel t   1.00000000e-06  -2.00000000e+00   0.00000000e+00 -0.275899 -1.961571  0.275899 -0.360479 -1.961571  0.149315
panel t -0.275899  1.961571  0.2759    0.  2.  0. -0.36048   1.961571  0.149316
panel t -0.707107  1.847759  0.292893 -0.36048   1.961571  0.149316 -0.390181  1.961571  0.      
panel t -1.02656  -1.662939  0.425215 -1.11114  -1.662939  0.       -0.765367 -1.847759  0.      
panel t -1.812255 -0.39018   0.75066  -1.961571 -0.39018   0.       -1.847759 -0.765367  0.      
panel t -1.707106  0.765367  0.707106 -1.536355  1.11114   0.636379 -1.662939  1.11114   0.      
panel t -1.812255  0.390181  0.75066  -1.707106  0.765367  0.707106 -1.847759  0.765367  0.      
panel t -1.02656   1.662939  0.425215 -0.707107  1.847759  0.292893 -0.765367  1.847759  0.      
panel t -0.707106 -1.847759  0.292893 -0.765367 -1.847759  0.       -0.39018  -1.961571  0.      
panel t -1.707107 -0.765367  0.707106 -1.847759 -0.765367  0.       -1.662939 -1.11114   0.      
panel t -1.536355 -1.11114   0.636379 -1.662939 -1.11114   0.       -1.414214 -1.414214  0.      
panel t -1.847759  0.        0.765366 -1.812255  0.390181  0.75066  -1.961571  0.390181  0.      
panel t -1.306563  1.414214  0.541196 -1.02656   1.662939  0.425215 -1.11114   1.662939  0.      
panel t   1.00000000e-06  -2.00000000e+00   0.00000000e+00 -0.360479 -1.961571  0.149315 -0.39018  -1.961571  0.      
panel t -1.306563 -1.414214  0.541196 -1.414214 -1.414214  0.       -1.11114  -1.662939  0.      
panel t -1.847759  0.        0.765366 -2.  0.  0. -1.961571 -0.39018   0.      
panel t -1.536355  1.11114   0.636379 -1.306563  1.414214  0.541196 -1.414214  1.414214  0.      
panel t -0.36048   1.961571  0.149316  0.  2.  0. -0.390181  1.961571  0.      
panel t -1.414214 -1.414214  0.       -1.662939 -1.11114   0.       -1.306563 -1.414214 -0.541196
panel t -2.  0.  0. -1.961571  0.390181  0.       -1.847759  0.       -0.765367
panel t -1.414214  1.414214  0.       -1.11114   1.662939  0.       -1.306563  1.414214 -0.541196
panel t -1.536355  1.11114  -0.63638  -1.662939  1.11114   0.       -1.306563  1.414214 -0.541196
panel t -1.02656  -1.662939 -0.425215 -1.11114  -1.662939  0.       -1.306563 -1.414214 -0.541196
panel t -1.812255 -0.39018  -0.750661 -1.961571 -0.39018   0.       -1.847759  0.       -0.765367
panel t -1.707107 -0.765367 -0.707107 -1.847759 -0.765367  0.       -1.812255 -0.39018  -0.750661
panel t -1.707107  0.765367 -0.707107 -1.847759  0.765367  0.       -1.536355  1.11114  -0.63638 
panel t -0.765367  1.847759  0.       -0.390181  1.961571  0.       -0.707107  1.847759 -0.292893
panel t -0.707106 -1.847759 -0.292893 -0.765367 -1.847759  0.       -1.02656  -1.662939 -0.425215
panel t -0.360479 -1.961571 -0.149316 -0.39018  -1.961571  0.       -0.707106 -1.847759 -0.292893
panel t -1.662939 -1.11114   0.       -1.847759 -0.765367  0.       -1.536355 -1.11114  -0.63638 
panel t -1.961571  0.390181  0.       -1.847759  0.765367  0.       -1.812255  0.390181 -0.750661
panel t -1.11114   1.662939  0.       -0.765367  1.847759  0.       -1.02656   1.662939 -0.425215
panel t -1.306563  1.414214 -0.541196 -1.02656   1.662939 -0.425215 -1.        1.414214 -1.      
panel t -1.306563 -1.414214 -0.541196 -1.536355 -1.11114  -0.63638  -1.       -1.414214 -1.      
panel t -1.847759  0.       -0.765367 -1.812255  0.390181 -0.750661 -1.414213  0.       -1.414214
panel t -1.38704 -0.39018 -1.38704 -1.812255 -0.39018  -0.750661 -1.414213  0.       -1.414214
panel t -1.175875  1.11114  -1.175876 -1.536355  1.11114  -0.63638  -1.        1.414214 -1.      
panel t -0.785695 -1.662939 -0.785695 -1.02656  -1.662939 -0.425215 -1.       -1.414214 -1.      
panel t -0.541196 -1.847759 -0.541196 -0.707106 -1.847759 -0.292893 -0.785695 -1.662939 -0.785695
panel t -1.306563 -0.765367 -1.306563 -1.707107 -0.765367 -0.707107 -1.38704 -0.39018 -1.38704
panel t -1.707107  0.765367 -0.707107 -1.536355  1.11114  -0.63638  -1.306563  0.765367 -1.306563
panel t -0.707107  1.847759 -0.292893 -0.36048   1.961571 -0.149316 -0.541196  1.847759 -0.541197
panel t -0.275899 -1.961571 -0.275899 -0.360479 -1.961571 -0.149316 -0.541196 -1.847759 -0.541196
panel t -1.536355 -1.11114  -0.63638  -1.707107 -0.765367 -0.707107 -1.175875 -1.11114  -1.175876
panel t -1.812255  0.390181 -0.750661 -1.707107  0.765367 -0.707107 -1.38704   0.390181 -1.38704 
panel t -0.785695  1.662939 -0.785695 -1.02656   1.662939 -0.425215 -0.541196  1.847759 -0.541197
panel t -1.175875 -1.11114  -1.175876 -1.306563 -0.765367 -1.306563 -0.636379 -1.11114  -1.536356
panel t -1.38704   0.390181 -1.38704  -1.306563  0.765367 -1.306563 -0.75066   0.390181 -1.812256
panel t -0.425214  1.662939 -1.026561 -0.785695  1.662939 -0.785695 -0.292893  1.847759 -0.707107
panel t -0.149315 -1.961571 -0.36048  -0.275899 -1.961571 -0.275899 -0.292893 -1.847759 -0.707107
panel t -0.541196 -1.414214 -1.306564 -1.       -1.414214 -1.       -0.636379 -1.11114  -1.536356
panel t -1.414213  0.       -1.414214 -1.38704   0.390181 -1.38704  -0.765366  0.       -1.84776 
panel t -1.        1.414214 -1.       -0.785695  1.662939 -0.785695 -0.541196  1.414214 -1.306564
panel t -0.785695 -1.662939 -0.785695 -1.       -1.414214 -1.       -0.425214 -1.662939 -1.02656 
panel t -1.38704 -0.39018 -1.38704 -1.414213  0.       -1.414214 -0.75066  -0.39018  -1.812256
panel t -0.636379  1.11114  -1.536356 -1.175875  1.11114  -1.175876 -0.541196  1.414214 -1.306564
panel t -1.306563  0.765367 -1.306563 -1.175875  1.11114  -1.175876 -0.707106  0.765367 -1.707107
panel t -0.541196  1.847759 -0.541197 -0.275899  1.961571 -0.2759   -0.292893  1.847759 -0.707107
panel t -0.292893 -1.847759 -0.707107 -0.541196 -1.847759 -0.541196 -0.425214 -1.662939 -1.02656 
panel t -0.707106 -0.765367 -1.707107 -1.306563 -0.765367 -1.306563 -0.75066  -0.39018  -1.812256
panel t -0.292893 -1.847759 -0.707107 -0.425214 -1.662939 -1.02656    1.00000000e-06  -1.84775900e+00  -7.65367000e-01
panel t   1.00000000e-06  -7.65367000e-01  -1.84776000e+00 -0.707106 -0.765367 -1.707107   1.00000000e-06  -3.90180000e-01  -1.96157100e+00
panel t -0.707106  0.765367 -1.707107 -0.636379  1.11114  -1.536356   1.00000000e-06   7.65367000e-01  -1.84775900e+00
panel t -0.292893  1.847759 -0.707107 -0.149315  1.961571 -0.360481   1.00000000e-06   1.84775900e+00  -7.65368000e-01
panel t   1.00000000e-06   1.66293900e+00  -1.11114100e+00 -0.425214  1.662939 -1.026561   1.00000000e-06   1.84775900e+00  -7.65368000e-01
panel t -0.149315 -1.961571 -0.36048  -0.292893 -1.847759 -0.707107   1.00000000e-06  -1.96157100e+00  -3.90181000e-01
panel t -0.636379 -1.11114  -1.536356 -0.707106 -0.765367 -1.707107   1.00000000e-06  -1.11114000e+00  -1.66294000e+00
panel t   1.00000000e-06   3.90181000e-01  -1.96157100e+00 -0.75066   0.390181 -1.812256   1.00000000e-06   7.65367000e-01  -1.84775900e+00
panel t -0.765366  0.       -1.84776  -0.75066   0.390181 -1.812256   1.00000000e-06   0.00000000e+00  -2.00000000e+00
panel t -0.541196  1.414214 -1.306564 -0.425214  1.662939 -1.026561   1.00000000e-06   1.41421400e+00  -1.41421400e+00
panel t   1.00000000e-06  -1.41421400e+00  -1.41421400e+00 -0.541196 -1.414214 -1.306564   1.00000000e-06  -1.11114000e+00  -1.66294000e+00
panel t -0.425214 -1.662939 -1.02656  -0.541196 -1.414214 -1.306564   1.00000000e-06  -1.66293900e+00  -1.11114100e+00
panel t   1.00000000e-06  -3.90180000e-01  -1.96157100e+00 -0.75066  -0.39018  -1.812256   1.00000000e-06   0.00000000e+00  -2.00000000e+00
panel t   1.00000000e-06   1.11114000e+00  -1.66294000e+00 -0.636379  1.11114  -1.536356   1.00000000e-06   1.41421400e+00  -1.41421400e+00
panel t   1.00000000e-06   1.11114000e+00  -1.66294000e+00   1.00000000e-06   1.41421400e+00  -1.41421400e+00  0.63638   1.11114  -1.536356
panel t  0.425216 -1.662939 -1.02656    1.00000000e-06  -1.66293900e+00  -1.11114100e+00  0.541197 -1.414214 -1.306563
panel t   1.00000000e-06  -3.90180000e-01  -1.96157100e+00   1.00000000e-06   0.00000000e+00  -2.00000000e+00  0.750662 -0.39018  -1.812255
panel t  0.707108 -0.765367 -1.707107   1.00000000e-06  -7.65367000e-01  -1.84776000e+00  0.750662 -0.39018  -1.812255
panel t   1.00000000e-06   7.65367000e-01  -1.84775900e+00   1.00000000e-06   1.11114000e+00  -1.66294000e+00  0.707108  0.765367 -1.707107
panel t   1.00000000e-06   1.84775900e+00  -7.65368000e-01   1.00000000e-06   1.96157100e+00  -3.90181000e-01  0.292894  1.847759 -0.707107
panel t  0.292894 -1.847759 -0.707107   1.00000000e-06  -1.84775900e+00  -7.65367000e-01  0.425216 -1.662939 -1.02656 
panel t  0.149316 -1.961571 -0.36048    1.00000000e-06  -1.96157100e+00  -3.90181000e-01  0.292894 -1.847759 -0.707107
panel t  0.63638  -1.11114  -1.536356   1.00000000e-06  -1.11114000e+00  -1.66294000e+00  0.707108 -0.765367 -1.707107
panel t  0.750662  0.390181 -1.812255   1.00000000e-06   3.90181000e-01  -1.96157100e+00  0.707108  0.765367 -1.707107
panel t  0.425216  1.662939 -1.02656    1.00000000e-06   1.66293900e+00  -1.11114100e+00  0.292894  1.847759 -0.707107
panel t  0.541197 -1.414214 -1.306563   1.00000000e-06  -1.41421400e+00  -1.41421400e+00  0.63638  -1.11114  -1.536356
panel t  0.765368  0.       -1.847759   1.00000000e-06   0.00000000e+00  -2.00000000e+00  0.750662  0.390181 -1.812255
panel t   1.00000000e-06   1.41421400e+00  -1.41421400e+00   1.00000000e-06   1.66293900e+00  -1.11114100e+00  0.541197  1.414214 -1.306563
panel t  0.541197 -1.414214 -1.306563  0.63638  -1.11114  -1.536356  1.000001 -1.414214 -1.      
panel t  1.414215  0.       -1.414214  0.765368  0.       -1.847759  1.387041  0.390181 -1.38704 
panel t  0.541197  1.414214 -1.306563  0.425216  1.662939 -1.02656   1.000001  1.414214 -1.      
panel t  0.785696 -1.662939 -0.785695  0.425216 -1.662939 -1.02656   1.000001 -1.414214 -1.      
panel t  0.750662 -0.39018  -1.812255  0.765368  0.       -1.847759  1.387041 -0.39018  -1.38704 
panel t  0.63638   1.11114  -1.536356  0.541197  1.414214 -1.306563  1.175877  1.11114  -1.175876
panel t  0.292894  1.847759 -0.707107  0.149317  1.961571 -0.36048   0.541197  1.847759 -0.541196
panel t  0.541197 -1.847759 -0.541196  0.292894 -1.847759 -0.707107  0.785696 -1.662939 -0.785695
panel t  1.306564 -0.765367 -1.306563  0.707108 -0.765367 -1.707107  1.387041 -0.39018  -1.38704 
panel t  0.707108  0.765367 -1.707107  0.63638   1.11114  -1.536356  1.306564  0.765367 -1.306563
panel t  1.387041  0.390181 -1.38704   0.750662  0.390181 -1.812255  1.306564  0.765367 -1.306563
panel t  0.425216  1.662939 -1.02656   0.292894  1.847759 -0.707107  0.785696  1.662939 -0.785695
panel t  0.2759   -1.961571 -0.275899  0.149316 -1.961571 -0.36048   0.541197 -1.847759 -0.541196
panel t  0.63638  -1.11114  -1.536356  0.707108 -0.765367 -1.707107  1.175877 -1.11114  -1.175876
panel t  0.360481 -1.961571 -0.149316  0.2759   -1.961571 -0.275899  0.707108 -1.847759 -0.292893
panel t  1.536357 -1.11114  -0.636379  1.175877 -1.11114  -1.175876  1.707108 -0.765367 -0.707107
panel t  1.812256  0.390181 -0.75066   1.387041  0.390181 -1.38704   1.707108  0.765367 -0.707107
panel t  1.026561  1.662939 -0.425215  0.785696  1.662939 -0.785695  0.707108  1.847759 -0.292893
panel t  1.306564  1.414214 -0.541196  1.000001  1.414214 -1.        1.026561  1.662939 -0.425215
panel t  1.306564 -1.414214 -0.541196  1.000001 -1.414214 -1.        1.536357 -1.11114  -0.636379
panel t  1.414215  0.       -1.414214  1.387041  0.390181 -1.38704   1.84776   0.       -0.765367
panel t  1.387041 -0.39018  -1.38704   1.414215  0.       -1.414214  1.812256 -0.39018  -0.75066 
panel t  1.175877  1.11114  -1.175876  1.000001  1.414214 -1.        1.536357  1.11114  -0.636379
panel t  0.785696 -1.662939 -0.785695  1.000001 -1.414214 -1.        1.026561 -1.662939 -0.425215
panel t  0.541197 -1.847759 -0.541196  0.785696 -1.662939 -0.785695  0.707108 -1.847759 -0.292893
panel t  1.707108 -0.765367 -0.707107  1.306564 -0.765367 -1.306563  1.812256 -0.39018  -0.75066 
panel t  1.306564  0.765367 -1.306563  1.175877  1.11114  -1.175876  1.707108  0.765367 -0.707107
panel t  0.707108  1.847759 -0.292893  0.541197  1.847759 -0.541196  0.360481  1.961571 -0.149316
panel t  1.707108  0.765367 -0.707107  1.536357  1.11114  -0.636379  1.84776   0.765367  0.      
panel t  0.765368  1.847759  0.        0.707108  1.847759 -0.292893  0.390182  1.961571  0.      
panel t  0.765368 -1.847759  0.        0.707108 -1.847759 -0.292893  1.111142 -1.662939  0.      
panel t   1.84776000e+00  -7.65367000e-01   1.00000000e-06  1.707108 -0.765367 -0.707107   1.96157200e+00  -3.90180000e-01   1.00000000e-06
panel t  1.66294 -1.11114  0.       1.536357 -1.11114  -0.636379   1.84776000e+00  -7.65367000e-01   1.00000000e-06
panel t   1.96157200e+00   3.90181000e-01   1.00000000e-06  1.812256  0.390181 -0.75066   1.84776   0.765367  0.      
panel t  1.026561  1.662939 -0.425215  0.707108  1.847759 -0.292893  1.111142  1.662939  0.      
panel t  0.390181 -1.961571  0.        0.360481 -1.961571 -0.149316  0.765368 -1.847759  0.      
panel t  1.414215 -1.414214  0.        1.306564 -1.414214 -0.541196  1.66294 -1.11114  0.     
panel t   2.00000100e+00   0.00000000e+00   1.00000000e-06  1.84776   0.       -0.765367   1.96157200e+00   3.90181000e-01   1.00000000e-06
panel t  1.306564  1.414214 -0.541196  1.026561  1.662939 -0.425215  1.414215  1.414214  0.      
panel t  1.026561 -1.662939 -0.425215  1.306564 -1.414214 -0.541196  1.111142 -1.662939  0.      
panel t  1.812256 -0.39018  -0.75066   1.84776   0.       -0.765367   1.96157200e+00  -3.90180000e-01   1.00000000e-06
panel t  1.536357  1.11114  -0.636379  1.306564  1.414214 -0.541196  1.66294  1.11114  0.     
panel t  1.111142 -1.662939  0.        1.414215 -1.414214  0.        1.026561 -1.662939  0.425216
panel t   1.96157200e+00  -3.90180000e-01   1.00000000e-06   2.00000100e+00   0.00000000e+00   1.00000000e-06  1.812256 -0.39018   0.750661
panel t  1.66294  1.11114  0.       1.414215  1.414214  0.        1.536356  1.11114   0.63638 
panel t  0.765368 -1.847759  0.        1.111142 -1.662939  0.        0.707108 -1.847759  0.292894
panel t  1.707108 -0.765367  0.707107   1.84776000e+00  -7.65367000e-01   1.00000000e-06  1.812256 -0.39018   0.750661
panel t  1.84776   0.765367  0.        1.66294  1.11114  0.       1.707107  0.765367  0.707107
panel t  0.707108  1.847759  0.292894  0.765368  1.847759  0.        0.360481  1.961571  0.149316
panel t  1.111142  1.662939  0.        0.765368  1.847759  0.        1.026561  1.662939  0.425216
panel t  0.360481 -1.961571  0.149316  0.390181 -1.961571  0.        0.707108 -1.847759  0.292894
panel t  1.536356 -1.11114   0.63638   1.66294 -1.11114  0.       1.707108 -0.765367  0.707107
panel t  1.812256  0.390181  0.750661   1.96157200e+00   3.90181000e-01   1.00000000e-06  1.707107  0.765367  0.707107
panel t   2.00000100e+00   0.00000000e+00   1.00000000e-06   1.96157200e+00   3.90181000e-01   1.00000000e-06  1.84776   0.        0.765368
panel t  1.414215  1.414214  0.        1.111142  1.662939  0.        1.306564  1.414214  0.541197
panel t  1.306564 -1.414214  0.541197  1.414215 -1.414214  0.        1.536356 -1.11114   0.63638 
panel t  1.000001 -1.414214  1.000001  1.306564 -1.414214  0.541197  1.175876 -1.11114   1.175876
panel t  1.84776   0.        0.765368  1.812256  0.390181  0.750661  1.414214  0.        1.414214
panel t  1.000001  1.414214  1.000001  1.306564  1.414214  0.541197  0.785696  1.662939  0.785696
panel t  1.536356  1.11114   0.63638   1.306564  1.414214  0.541197  1.175876  1.11114   1.175876
panel t  1.026561 -1.662939  0.425216  1.306564 -1.414214  0.541197  0.785696 -1.662939  0.785696
panel t  1.812256 -0.39018   0.750661  1.84776   0.        0.765368  1.38704 -0.39018  1.38704
panel t  1.306563 -0.765367  1.306564  1.707108 -0.765367  0.707107  1.38704 -0.39018  1.38704
panel t  1.707107  0.765367  0.707107  1.536356  1.11114   0.63638   1.306563  0.765367  1.306563
panel t  0.541197  1.847759  0.541197  0.707108  1.847759  0.292894  0.2759    1.961571  0.2759  
panel t  0.541197 -1.847759  0.541196  0.707108 -1.847759  0.292894  0.785696 -1.662939  0.785696
panel t  0.360481 -1.961571  0.149316  0.707108 -1.847759  0.292894  0.2759   -1.961571  0.2759  
panel t  1.175876 -1.11114   1.175876  1.536356 -1.11114   0.63638   1.306563 -0.765367  1.306564
panel t  1.812256  0.390181  0.750661  1.707107  0.765367  0.707107  1.38704   0.390181  1.38704 
panel t  1.026561  1.662939  0.425216  0.707108  1.847759  0.292894  0.785696  1.662939  0.785696
panel t  0.750661  0.390181  1.812255  1.38704   0.390181  1.38704   0.707107  0.765367  1.707107
panel t  0.425215  1.662939  1.026561  0.785696  1.662939  0.785696  0.292894  1.847759  0.707107
panel t  0.2759   -1.961571  0.2759    0.541197 -1.847759  0.541196  0.149316 -1.961571  0.36048 
panel t  0.63638  -1.11114   1.536356  1.175876 -1.11114   1.175876  0.707107 -0.765367  1.707107
panel t  0.541196 -1.414214  1.306564  1.000001 -1.414214  1.000001  0.63638  -1.11114   1.536356
panel t  1.414214  0.        1.414214  1.38704   0.390181  1.38704   0.765367  0.        1.847759
panel t  0.541196  1.414214  1.306564  1.000001  1.414214  1.000001  0.425215  1.662939  1.026561
panel t  0.785696 -1.662939  0.785696  1.000001 -1.414214  1.000001  0.425215 -1.662939  1.026561
panel t  1.38704 -0.39018  1.38704  1.414214  0.        1.414214  0.750661 -0.39018   1.812255
panel t  1.175876  1.11114   1.175876  1.000001  1.414214  1.000001  0.63638   1.11114   1.536356
panel t  0.292894  1.847759  0.707107  0.541197  1.847759  0.541197  0.149316  1.961571  0.360481
panel t  0.292894 -1.847759  0.707107  0.541197 -1.847759  0.541196  0.425215 -1.662939  1.026561
panel t  0.707107 -0.765367  1.707107  1.306563 -0.765367  1.306564  0.750661 -0.39018   1.812255
panel t  1.306563  0.765367  1.306563  1.175876  1.11114   1.175876  0.707107  0.765367  1.707107
panel t  0.       -1.847759  0.765367  0.292894 -1.847759  0.707107  0.       -1.662939  1.111141
panel t -0.       -0.765367  1.847759  0.707107 -0.765367  1.707107 -0.       -0.39018   1.961571
panel t  0.707107  0.765367  1.707107  0.63638   1.11114   1.536356 -0.        0.765367  1.847759
panel t  0.        1.847759  0.765367  0.292894  1.847759  0.707107  0.        1.961571  0.390181
panel t  0.       -1.961571  0.390181  0.149316 -1.961571  0.36048   0.       -1.847759  0.765367
panel t  0.63638  -1.11114   1.536356  0.707107 -0.765367  1.707107  0.      -1.11114  1.66294
panel t -0.        0.390181  1.961571  0.750661  0.390181  1.812255 -0.        0.765367  1.847759
panel t  0.425215  1.662939  1.026561  0.292894  1.847759  0.707107  0.        1.662939  1.111141
panel t -0.        1.414214  1.414214  0.541196  1.414214  1.306564  0.        1.662939  1.111141
panel t -0.       -1.414214  1.414214  0.541196 -1.414214  1.306564  0.      -1.11114  1.66294
panel t  0.765367  0.        1.847759  0.750661  0.390181  1.812255 -0.  0.  2.
panel t  0.750661 -0.39018   1.812255  0.765367  0.        1.847759 -0.       -0.39018   1.961571
panel t  0.63638   1.11114   1.536356  0.541196  1.414214  1.306564  0.       1.11114  1.66294
panel t  0.425215 -1.662939  1.026561  0.541196 -1.414214  1.306564  0.       -1.662939  1.111141
panel t  0.       -1.662939  1.111141 -0.       -1.414214  1.414214 -0.425215 -1.662939  1.02656 
panel t -0.       -0.39018   1.961571 -0.  0.  2. -0.750661 -0.39018   1.812255
panel t  0.       1.11114  1.66294 -0.        1.414214  1.414214 -0.636379  1.11114   1.536355
panel t -0.        0.765367  1.847759  0.       1.11114  1.66294 -0.707107  0.765367  1.707107
panel t -0.292893  1.847759  0.707107  0.        1.847759  0.765367 -0.149315  1.961571  0.36048 
panel t -0.292893 -1.847759  0.707107  0.       -1.847759  0.765367 -0.425215 -1.662939  1.02656 
panel t -0.707107 -0.765367  1.707107 -0.       -0.765367  1.847759 -0.750661 -0.39018   1.812255
panel t  0.      -1.11114  1.66294 -0.       -0.765367  1.847759 -0.636379 -1.11114   1.536355
panel t -0.750661  0.390181  1.812255 -0.        0.390181  1.961571 -0.707107  0.765367  1.707107
panel t -0.425215  1.662939  1.02656   0.        1.662939  1.111141 -0.292893  1.847759  0.707107
panel t -0.149315 -1.961571  0.36048   0.       -1.961571  0.390181 -0.292893 -1.847759  0.707107
panel t -0.541196 -1.414214  1.306563 -0.       -1.414214  1.414214 -0.636379 -1.11114   1.536355
panel t -0.  0.  2. -0.        0.390181  1.961571 -0.765367  0.        1.847759
panel t -0.541196  1.414214  1.306563 -0.        1.414214  1.414214 -0.425215  1.662939  1.02656 
panel t -1.414214  0.        1.414213 -0.765367  0.        1.847759 -1.38704   0.390181  1.387039
panel t -1.        1.414214  1.       -0.541196  1.414214  1.306563 -0.785695  1.662939  0.785695
panel t -1.       -1.414214  1.       -0.541196 -1.414214  1.306563 -1.175876 -1.11114   1.175875
panel t -0.425215 -1.662939  1.02656  -0.541196 -1.414214  1.306563 -0.785695 -1.662939  0.785695
panel t -0.750661 -0.39018   1.812255 -0.765367  0.        1.847759 -1.38704  -0.39018   1.387039
panel t -0.636379  1.11114   1.536355 -0.541196  1.414214  1.306563 -1.175876  1.11114   1.175875
panel t -0.541196 -1.847759  0.541196 -0.292893 -1.847759  0.707107 -0.785695 -1.662939  0.785695
panel t -1.306563 -0.765367  1.306563 -0.707107 -0.765367  1.707107 -1.38704  -0.39018   1.387039
panel t -0.707107  0.765367  1.707107 -0.636379  1.11114   1.536355 -1.306563  0.765367  1.306562
panel t -0.541196  1.847759  0.541196 -0.292893  1.847759  0.707107 -0.275899  1.961571  0.2759  
panel t -0.425215  1.662939  1.02656  -0.292893  1.847759  0.707107 -0.785695  1.662939  0.785695
panel t -0.275899 -1.961571  0.275899 -0.149315 -1.961571  0.36048  -0.541196 -1.847759  0.541196
panel t -0.636379 -1.11114   1.536355 -0.707107 -0.765367  1.707107 -1.175876 -1.11114   1.175875
panel t -1.38704   0.390181  1.387039 -0.750661  0.390181  1.812255 -1.306563  0.765367  1.306562
panel t -0.275899 -1.961571  0.275899 -0.541196 -1.847759  0.541196 -0.360479 -1.961571  0.149315
panel t -1.536355 -1.11114   0.636379 -1.175876 -1.11114   1.175875 -1.707107 -0.765367  0.707106
panel t -1.38704   0.390181  1.387039 -1.306563  0.765367  1.306562 -1.812255  0.390181  0.75066 
panel t -0.785695  1.662939  0.785695 -0.541196  1.847759  0.541196 -1.02656   1.662939  0.425215
panel t -1.306563 -1.414214  0.541196 -1.       -1.414214  1.       -1.536355 -1.11114   0.636379
panel t -1.847759  0.        0.765366 -1.414214  0.        1.414213 -1.812255  0.390181  0.75066 
panel t -1.306563  1.414214  0.541196 -1.        1.414214  1.       -1.02656   1.662939  0.425215
panel t -1.175876  1.11114   1.175875 -1.        1.414214  1.       -1.536355  1.11114   0.636379
panel t -0.785695 -1.662939  0.785695 -1.       -1.414214  1.       -1.02656  -1.662939  0.425215
panel t -1.38704  -0.39018   1.387039 -1.414214  0.        1.414213 -1.812255 -0.39018   0.75066 
panel t -1.707107 -0.765367  0.707106 -1.306563 -0.765367  1.306563 -1.812255 -0.39018   0.75066 
panel t -1.306563  0.765367  1.306562 -1.175876  1.11114   1.175875 -1.707106  0.765367  0.707106
panel t -0.707107  1.847759  0.292893 -0.541196  1.847759  0.541196 -0.36048   1.961571  0.149316
panel t -0.707106 -1.847759  0.292893 -0.541196 -1.847759  0.541196 -1.02656  -1.662939  0.425215
panel t -0.765367  1.847759  0.       -0.707107  1.847759  0.292893 -0.390181  1.961571  0.      
panel t -0.707106 -1.847759  0.292893 -1.02656  -1.662939  0.425215 -0.765367 -1.847759  0.      
panel t -1.707107 -0.765367  0.707106 -1.812255 -0.39018   0.75066  -1.847759 -0.765367  0.      
panel t -1.847759  0.765367  0.       -1.707106  0.765367  0.707106 -1.662939  1.11114   0.      
panel t -1.961571  0.390181  0.       -1.812255  0.390181  0.75066  -1.847759  0.765367  0.      
panel t -1.11114   1.662939  0.       -1.02656   1.662939  0.425215 -0.765367  1.847759  0.      
panel t -0.360479 -1.961571  0.149315 -0.707106 -1.847759  0.292893 -0.39018  -1.961571  0.      
panel t -1.536355 -1.11114   0.636379 -1.707107 -0.765367  0.707106 -1.662939 -1.11114   0.      
panel t -1.306563 -1.414214  0.541196 -1.536355 -1.11114   0.636379 -1.414214 -1.414214  0.      
panel t -2.  0.  0. -1.847759  0.        0.765366 -1.961571  0.390181  0.      
panel t -1.414214  1.414214  0.       -1.306563  1.414214  0.541196 -1.11114   1.662939  0.      
panel t -1.02656  -1.662939  0.425215 -1.306563 -1.414214  0.541196 -1.11114  -1.662939  0.      
panel t -1.812255 -0.39018   0.75066  -1.847759  0.        0.765366 -1.961571 -0.39018   0.      
panel t -1.662939  1.11114   0.       -1.536355  1.11114   0.636379 -1.414214  1.414214  0.      

end_file
