panel t -4.809699  0.975452 -0.956709 -4.903926  0.       -0.975452 -4.803925  0.       -0.975452
panel t -4.809699 -0.975451 -0.956709 -4.709697 -0.975451 -0.956709 -4.803925  0.       -0.975452
panel t   2.00000000e-06  -4.90000100e+00   0.00000000e+00 -0.97545  -4.803927  0.       -0.956707 -4.803927 -0.190301
panel t -1.767765 -4.519398  0.732232 -1.876649 -4.519398  0.373289 -0.956706 -4.803927  0.190301
panel t -1.590946 -4.519398  1.063037 -1.767765 -4.519398  0.732232 -0.901198 -4.803927  0.373289
panel t -0.689747 -4.803927  0.689748 -1.352988 -4.519398  1.35299  -1.590946 -4.519398  1.063037
panel t -0.54193  -4.803927  0.811058 -1.063036 -4.519398  1.590948 -1.352988 -4.519398  1.35299 
panel t -0.373288 -4.803927  0.901199 -0.732231 -4.519398  1.767767 -1.063036 -4.519398  1.590948
panel t -0.1903   -4.803927  0.956708 -0.373287 -4.519398  1.876651 -0.732231 -4.519398  1.767767
panel t   1.00000000e-06  -4.80392700e+00   9.75451000e-01   2.00000000e-06  -4.51939800e+00   1.91341700e+00 -0.373287 -4.519398  1.876651
panel t  0.956711  0.975452 -4.8097    0.975454  0.       -4.903928  0.975454  0.       -4.803924
panel t  0.956711 -0.975451 -4.8097    0.956711 -0.975451 -4.709696  0.975454  0.       -4.803924
panel t  0.190303 -4.803927  0.956708  0.373291 -4.519398  1.876651   2.00000000e-06  -4.51939800e+00   1.91341700e+00
panel t  0.956711 -0.975451 -4.8097     2.00000000e-06  -9.75451000e-01  -4.90392800e+00   2.00000000e-06  -9.75451000e-01  -4.80392400e+00
panel t  0.956711  0.975452 -4.8097    0.956711  0.975452 -4.709696   2.00000000e-06   9.75452000e-01  -4.80392400e+00
panel t  0.732235 -4.519398  1.767767  0.373291 -4.519398  1.876651  0.190303 -4.803927  0.956708
panel t  1.063039 -4.519398  1.590948  0.732235 -4.519398  1.767767  0.373291 -4.803927  0.9012  
panel t  0.68975  -4.803927  0.689748  1.352992 -4.519398  1.35299   1.063039 -4.519398  1.590948
panel t  0.81106  -4.803927  0.541932  1.59095  -4.519398  1.063038  1.352992 -4.519398  1.35299 
panel t  1.767769 -4.519398  0.732233  1.59095  -4.519398  1.063038  0.81106  -4.803927  0.541932
panel t  1.876653 -4.519398  0.373289  1.767769 -4.519398  0.732233  0.901201 -4.803927  0.373289
panel t  0.975453 -4.803927  0.        1.913419 -4.519398 -0.        1.876653 -4.519398  0.373289
panel t -4.809699 -0.975451 -0.956709 -4.903926 -0.975451  0.       -4.803925 -0.975451  0.      
panel t -4.809699  0.975452 -0.956709 -4.709697  0.975452 -0.956709 -4.803925  0.975452  0.      
panel t  1.876654 -4.519398 -0.373289  1.913419 -4.519398 -0.        0.975453 -4.803927  0.      
panel t -4.709693  0.975452  0.956706 -4.803925  0.975452  0.       -4.899999  0.        0.      
panel t -4.709693 -0.975451  0.956706 -4.803922  0.        0.975451 -4.899999  0.        0.      
panel t  0.901201 -4.803927 -0.373289  1.767769 -4.519398 -0.732233  1.876654 -4.519398 -0.373289
panel t  1.59095  -4.519398 -1.063038  1.767769 -4.519398 -0.732233  0.901201 -4.803927 -0.373289
panel t  0.68975  -4.803927 -0.689748  1.352993 -4.519398 -1.352991  1.59095  -4.519398 -1.063038
panel t  0.541933 -4.803927 -0.811058  1.06304  -4.519398 -1.590949  1.352993 -4.519398 -1.352991
panel t  0.732235 -4.519398 -1.767768  1.06304  -4.519398 -1.590949  0.541933 -4.803927 -0.811058
panel t  0.373291 -4.519398 -1.876652  0.732235 -4.519398 -1.767768  0.373291 -4.803927 -0.9012  
panel t   2.00000000e-06  -4.80392700e+00  -9.75452000e-01   2.00000000e-06  -4.51939800e+00  -1.91341800e+00  0.373291 -4.519398 -1.876652
panel t -0.956708  0.975452  4.809697 -0.97545   0.        4.903925 -0.97545   0.        4.803924
panel t -0.956708 -0.975451  4.809697 -0.956708 -0.975451  4.709695 -0.97545   0.        4.803924
panel t -0.1903   -4.803927 -0.956709 -0.373288 -4.519398 -1.876652   2.00000000e-06  -4.51939800e+00  -1.91341800e+00
panel t -0.956708 -0.975451  4.809697   1.00000000e-06  -9.75451000e-01   4.90392500e+00   1.00000000e-06  -9.75451000e-01   4.80392400e+00
panel t -0.956708  0.975452  4.809697 -0.956708  0.975452  4.709695   1.00000000e-06   9.75452000e-01   4.80392400e+00
panel t -0.373288 -4.803927 -0.9012   -0.732232 -4.519398 -1.767768 -0.373288 -4.519398 -1.876652
panel t -0.54193  -4.803927 -0.811059 -1.063036 -4.519398 -1.590949 -0.732232 -4.519398 -1.767768
panel t -1.352989 -4.519398 -1.352991 -1.063036 -4.519398 -1.590949 -0.54193  -4.803927 -0.811059
panel t -0.811057 -4.803927 -0.541932 -1.590947 -4.519398 -1.063038 -1.352989 -4.519398 -1.352991
panel t -1.767766 -4.519398 -0.732233 -1.590947 -4.519398 -1.063038 -0.811057 -4.803927 -0.541932
panel t -0.956707 -4.803927 -0.190301 -1.876651 -4.519398 -0.373289 -1.767766 -4.519398 -0.732233
panel t -1.913416 -4.519398  0.       -1.876651 -4.519398 -0.373289 -0.956707 -4.803927 -0.190301
panel t  0.732235 -4.619398 -1.767768  0.732235 -4.519398 -1.767768  0.373291 -4.519398 -1.876652
panel t  1.352993  4.619398 -1.352991  1.352993  4.519398 -1.352991  1.590951  4.519398 -1.063038
panel t  1.352992 -4.619398  1.35299   1.352992 -4.519398  1.35299   1.59095  -4.519398  1.063038
panel t -1.876652  4.619398 -0.37329  -1.876652  4.519398 -0.37329  -1.767767  4.519398 -0.732234
panel t  1.876654 -4.619398 -0.373289  1.876654 -4.519398 -0.373289  1.767769 -4.519398 -0.732233
panel t  0.732235  4.619398  1.767768  0.732235  4.519398  1.767768  0.373291  4.519398  1.876652
panel t -1.352989 -4.619398 -1.352991 -1.352989 -4.519398 -1.352991 -1.590947 -4.519398 -1.063038
panel t -0.373288  4.619398  1.876652 -0.373288  4.519398  1.876652 -0.732232  4.519398  1.767767
panel t  1.876653 -4.619398  0.373289  1.876653 -4.519398  0.373289  1.913419 -4.519398 -0.      
panel t -0.732232  4.619398 -1.767769 -0.732232  4.519398 -1.767769 -0.373288  4.519398 -1.876653
panel t -1.352988 -4.619398  1.35299  -1.352988 -4.519398  1.35299  -1.063036 -4.519398  1.590948
panel t -1.767765  4.619398  0.732233 -1.767765  4.519398  0.732233 -1.87665   4.519398  0.373289
panel t  0.373291 -4.619398 -1.876652  0.373291 -4.519398 -1.876652   2.00000000e-06  -4.51939800e+00  -1.91341800e+00
panel t -1.87665   4.619398  0.373289 -1.87665   4.519398  0.373289 -1.913417  4.519398  0.      
panel t  1.59095  -4.619398  1.063038  1.59095  -4.519398  1.063038  1.767769 -4.519398  0.732233
panel t  1.06304   4.619398 -1.590949  1.06304   4.519398 -1.590949  1.352993  4.519398 -1.352991
panel t  1.767769 -4.619398 -0.732233  1.767769 -4.519398 -0.732233  1.59095  -4.519398 -1.063038
panel t  1.06304   4.619398  1.590949  1.06304   4.519398  1.590949  0.732235  4.519398  1.767768
panel t -1.590947 -4.619398 -1.063038 -1.590947 -4.519398 -1.063038 -1.767766 -4.519398 -0.732233
panel t   2.00000000e-06   4.61939800e+00   1.91341800e+00   2.00000000e-06   4.51939800e+00   1.91341800e+00 -0.373288  4.519398  1.876652
panel t   2.00000000e-06  -4.61939800e+00   1.91341700e+00   2.00000000e-06  -4.51939800e+00   1.91341700e+00  0.373291 -4.519398  1.876651
panel t -1.063037  4.619398 -1.59095  -1.063037  4.519398 -1.59095  -0.732232  4.519398 -1.767769
panel t -1.063036 -4.619398  1.590948 -1.063036 -4.519398  1.590948 -0.732231 -4.519398  1.767767
panel t -1.590947  4.619398  1.063037 -1.590947  4.519398  1.063037 -1.767765  4.519398  0.732233
panel t   2.00000000e-06  -4.61939800e+00  -1.91341800e+00   2.00000000e-06  -4.51939800e+00  -1.91341800e+00 -0.373288 -4.519398 -1.876652
panel t  1.876654  4.619398 -0.373289  1.876654  4.519398 -0.373289  1.91342   4.519398  0.      
panel t  1.767769 -4.619398  0.732233  1.767769 -4.519398  0.732233  1.876653 -4.519398  0.373289
panel t  0.732235  4.619398 -1.767768  0.732235  4.519398 -1.767768  1.06304   4.519398 -1.590949
panel t  1.59095  -4.619398 -1.063038  1.59095  -4.519398 -1.063038  1.352993 -4.519398 -1.352991
panel t -1.913417  4.619398  0.       -1.913417  4.519398  0.       -1.876652  4.519398 -0.37329 
panel t -1.767766 -4.619398 -0.732233 -1.767766 -4.519398 -0.732233 -1.876651 -4.519398 -0.373289
panel t  1.352992  4.619398  1.352991  1.352992  4.519398  1.352991  1.06304   4.519398  1.590949
panel t  0.373291 -4.619398  1.876651  0.373291 -4.519398  1.876651  0.732235 -4.519398  1.767767
panel t -1.35299   4.619398 -1.352991 -1.35299   4.519398 -1.352991 -1.063037  4.519398 -1.59095 
panel t -0.732231 -4.619398  1.767767 -0.732231 -4.519398  1.767767 -0.373287 -4.519398  1.876651
panel t -1.352989  4.619398  1.35299  -1.352989  4.519398  1.35299  -1.590947  4.519398  1.063037
panel t -0.373288 -4.619398 -1.876652 -0.373288 -4.519398 -1.876652 -0.732232 -4.519398 -1.767768
panel t  0.373291  4.619398 -1.876653  0.373291  4.519398 -1.876653  0.732235  4.519398 -1.767768
panel t -1.876649 -4.619398  0.373289 -1.876649 -4.519398  0.373289 -1.767765 -4.519398  0.732232
panel t  1.59095   4.619398  1.063038  1.59095   4.519398  1.063038  1.352992  4.519398  1.352991
panel t -1.913416 -4.619398  0.       -1.913416 -4.519398  0.       -1.876649 -4.519398  0.373289
panel t  1.76777   4.619398 -0.732233  1.76777   4.519398 -0.732233  1.876654  4.519398 -0.373289
panel t  1.352993 -4.619398 -1.352991  1.352993 -4.519398 -1.352991  1.06304  -4.519398 -1.590949
panel t -1.590948  4.619398 -1.063039 -1.590948  4.519398 -1.063039 -1.35299   4.519398 -1.352991
panel t  0.732235 -4.619398  1.767767  0.732235 -4.519398  1.767767  1.063039 -4.519398  1.590948
panel t  1.91342   4.619398  0.        1.91342   4.519398  0.        1.876654  4.519398  0.37329 
panel t -0.373287 -4.619398  1.876651 -0.373287 -4.519398  1.876651   2.00000000e-06  -4.51939800e+00   1.91341700e+00
panel t -1.063036  4.619398  1.590948 -1.063036  4.519398  1.590948 -1.352989  4.519398  1.35299 
panel t -0.732232 -4.619398 -1.767768 -0.732232 -4.519398 -1.767768 -1.063036 -4.519398 -1.590949
panel t   2.00000000e-06   4.61939800e+00  -1.91341900e+00   2.00000000e-06   4.51939800e+00  -1.91341900e+00  0.373291  4.519398 -1.876653
panel t -1.767765 -4.619398  0.732232 -1.767765 -4.519398  0.732232 -1.590946 -4.519398  1.063037
panel t  1.767769  4.619398  0.732234  1.767769  4.519398  0.732234  1.59095   4.519398  1.063038
panel t  1.913419 -4.619398 -0.        1.913419 -4.519398 -0.        1.876654 -4.519398 -0.373289
panel t  1.590951  4.619398 -1.063038  1.590951  4.519398 -1.063038  1.76777   4.519398 -0.732233
panel t  1.06304  -4.619398 -1.590949  1.06304  -4.519398 -1.590949  0.732235 -4.519398 -1.767768
panel t -1.767767  4.619398 -0.732234 -1.767767  4.519398 -0.732234 -1.590948  4.519398 -1.063039
panel t  1.063039 -4.619398  1.590948  1.063039 -4.519398  1.590948  1.352992 -4.519398  1.35299 
panel t  0.373291  4.619398  1.876652  0.373291  4.519398  1.876652   2.00000000e-06   4.51939800e+00   1.91341800e+00
panel t -1.063036 -4.619398 -1.590949 -1.063036 -4.519398 -1.590949 -1.352989 -4.519398 -1.352991
panel t -0.732232  4.619398  1.767767 -0.732232  4.519398  1.767767 -1.063036  4.519398  1.590948
panel t -1.876651 -4.619398 -0.373289 -1.876651 -4.519398 -0.373289 -1.913416 -4.519398  0.      
panel t -0.373288  4.619398 -1.876653 -0.373288  4.519398 -1.876653   2.00000000e-06   4.51939800e+00  -1.91341900e+00
panel t -4.899999  0.        0.       -4.803925  0.975452  0.       -4.709697  0.975452 -0.956709
panel t -1.590946 -4.619398  1.063037 -1.590946 -4.519398  1.063037 -1.352988 -4.519398  1.35299 
panel t  1.876654  4.619398  0.37329   1.876654  4.519398  0.37329   1.767769  4.519398  0.732234
panel t -4.899999  0.        0.       -4.803925  0.       -0.975452 -4.709697 -0.975451 -0.956709
panel t -4.809699 -0.975451 -0.956709 -4.903926 -0.975451  0.       -4.903926 -0.975451  0.      
panel t -4.903926  0.975452  0.       -4.809699  0.975452 -0.956709 -4.809699  0.975452 -0.956709
panel t -4.903926  0.       -0.975452 -4.809699 -0.975451 -0.956709 -4.809699 -0.975451 -0.956709
panel t -4.809694 -0.975451  0.956706 -4.903924  0.        0.975451 -4.903924  0.        0.975451
panel t -4.903926 -0.975451  0.       -4.809694 -0.975451  0.956706 -4.809694 -0.975451  0.956706
panel t -4.809699  0.975452 -0.956709 -4.903926  0.       -0.975452 -4.903926  0.       -0.975452
panel t -4.809694  0.975452  0.956706 -4.903926  0.975452  0.       -4.903926  0.975452  0.      
panel t -4.903924  0.        0.975451 -4.809694  0.975452  0.956706 -4.809694  0.975452  0.956706
panel t -4.809694  0.975452  0.956706 -4.709693  0.975452  0.956706 -4.803922  0.        0.975451
panel t -4.809694 -0.975451  0.956706 -4.903924  0.        0.975451 -4.803922  0.        0.975451
panel t -4.809694 -0.975451  0.956706 -4.709693 -0.975451  0.956706 -4.803925 -0.975451  0.      
panel t -4.809694  0.975452  0.956706 -4.903926  0.975452  0.       -4.803925  0.975452  0.      
panel t  4.809701  0.975452 -0.956708  4.709696  0.975452 -0.956708  4.803924  0.       -0.975452
panel t  4.809701 -0.975451 -0.956708  4.903929  0.       -0.975452  4.803924  0.       -0.975452
panel t  4.809701 -0.975451 -0.956708  4.709696 -0.975451 -0.956708   4.80392400e+00  -9.75451000e-01   1.00000000e-06
panel t  4.809701  0.975452 -0.956708   4.90392800e+00   9.75452000e-01   1.00000000e-06   4.80392400e+00   9.75452000e-01   1.00000000e-06
panel t  4.8097    0.975452  0.95671   4.903928  0.        0.975452  4.803924  0.        0.975452
panel t  4.8097   -0.975451  0.95671   4.709696 -0.975451  0.95671   4.803924  0.        0.975452
panel t  4.8097   -0.975451  0.95671    4.90392800e+00  -9.75451000e-01   1.00000000e-06   4.80392400e+00  -9.75451000e-01   1.00000000e-06
panel t  4.8097    0.975452  0.95671   4.709696  0.975452  0.95671    4.80392400e+00   9.75452000e-01   1.00000000e-06
panel t   4.80392400e+00  -9.75451000e-01   1.00000000e-06  4.709696 -0.975451 -0.956708  4.709696 -0.975451 -0.956708
panel t  4.709696  0.975452 -0.956708   4.80392400e+00   9.75452000e-01   1.00000000e-06   4.80392400e+00   9.75452000e-01   1.00000000e-06
panel t  4.803924  0.       -0.975452  4.709696  0.975452 -0.956708  4.709696  0.975452 -0.956708
panel t  4.803924  0.        0.975452  4.709696 -0.975451  0.95671   4.709696 -0.975451  0.95671 
panel t  4.709696 -0.975451  0.95671    4.80392400e+00  -9.75451000e-01   1.00000000e-06   4.80392400e+00  -9.75451000e-01   1.00000000e-06
panel t  4.709696 -0.975451 -0.956708  4.803924  0.       -0.975452  4.803924  0.       -0.975452
panel t   4.80392400e+00   9.75452000e-01   1.00000000e-06  4.709696  0.975452  0.95671   4.709696  0.975452  0.95671 
panel t  4.709696  0.975452  0.95671   4.803924  0.        0.975452  4.803924  0.        0.975452
panel t  4.709696  0.975452  0.95671   4.803924  0.        0.975452  4.803924  0.        0.975452
panel t  4.803924  0.        0.975452  4.709696 -0.975451  0.95671   4.709696 -0.975451  0.95671 
panel t  4.709696 -0.975451  0.95671    4.80392400e+00  -9.75451000e-01   1.00000000e-06   4.80392400e+00  -9.75451000e-01   1.00000000e-06
panel t   4.80392400e+00   9.75452000e-01   1.00000000e-06  4.709696  0.975452  0.95671   4.709696  0.975452  0.95671 
panel t  4.709696  0.975452  0.95671   4.803924  0.        0.975452  4.803924  0.        0.975452
panel t  4.803924  0.        0.975452  4.709696 -0.975451  0.95671   4.709696 -0.975451  0.95671 
panel t  4.709696 -0.975451  0.95671    4.80392400e+00  -9.75451000e-01   1.00000000e-06   4.80392400e+00  -9.75451000e-01   1.00000000e-06
panel t   4.80392400e+00   9.75452000e-01   1.00000000e-06  4.709696  0.975452  0.95671   4.709696  0.975452  0.95671 
panel t  4.709696  0.975452 -0.956708   4.80392400e+00   9.75452000e-01   1.00000000e-06   4.80392400e+00   9.75452000e-01   1.00000000e-06
panel t   4.80392400e+00  -9.75451000e-01   1.00000000e-06  4.709696 -0.975451 -0.956708  4.709696 -0.975451 -0.956708
panel t  4.709696 -0.975451 -0.956708  4.803924  0.       -0.975452  4.803924  0.       -0.975452
panel t  4.803924  0.       -0.975452  4.709696  0.975452 -0.956708  4.709696  0.975452 -0.956708
panel t  4.709696 -0.975451 -0.956708  4.803924  0.       -0.975452  4.899997  0.        0.      
panel t  4.709696  0.975452 -0.956708   4.80392400e+00   9.75452000e-01   1.00000000e-06  4.899997  0.        0.      
panel t   4.80392400e+00  -9.75451000e-01   1.00000000e-06  4.899997  0.        0.        4.803924  0.        0.975452
panel t   4.80392400e+00   9.75452000e-01   1.00000000e-06  4.709696  0.975452  0.95671   4.803924  0.        0.975452
panel t  4.709696  0.975452 -0.956708   4.80392400e+00   9.75452000e-01   1.00000000e-06   4.80392400e+00   9.75452000e-01   1.00000000e-06
panel t   4.80392400e+00  -9.75451000e-01   1.00000000e-06  4.709696 -0.975451 -0.956708  4.709696 -0.975451 -0.956708
panel t  4.709696 -0.975451 -0.956708  4.803924  0.       -0.975452  4.803924  0.       -0.975452
panel t  4.803924  0.       -0.975452  4.709696  0.975452 -0.956708  4.709696  0.975452 -0.956708
panel t  0.956709 -0.975451  4.709697  0.975453  0.        4.803924   1.00000000e-06   0.00000000e+00   4.89999700e+00
panel t  0.956709  0.975452  4.709697   1.00000000e-06   9.75452000e-01   4.80392400e+00   1.00000000e-06   0.00000000e+00   4.89999700e+00
panel t   1.00000000e-06  -9.75451000e-01   4.80392400e+00   1.00000000e-06   0.00000000e+00   4.89999700e+00 -0.97545   0.        4.803924
panel t   1.00000000e-06   9.75452000e-01   4.80392400e+00 -0.956708  0.975452  4.709695 -0.97545   0.        4.803924
panel t  0.956709  0.975452  4.809698   1.00000000e-06   9.75452000e-01   4.90392500e+00   1.00000000e-06   9.75452000e-01   4.80392400e+00
panel t  0.956709 -0.975451  4.809698  0.956709 -0.975451  4.709697   1.00000000e-06  -9.75451000e-01   4.80392400e+00
panel t  0.956709 -0.975451  4.809698  0.975453  0.        4.903925  0.975453  0.        4.803924
panel t  0.956709  0.975452  4.809698  0.956709  0.975452  4.709697  0.975453  0.        4.803924
panel t -0.97545   0.       -4.803924   2.00000000e-06   0.00000000e+00  -4.89999700e+00   2.00000000e-06  -9.75451000e-01  -4.80392400e+00
panel t -0.956707  0.975452 -4.709696   2.00000000e-06   9.75452000e-01  -4.80392400e+00   2.00000000e-06   0.00000000e+00  -4.89999700e+00
panel t   2.00000000e-06  -9.75451000e-01  -4.80392400e+00   2.00000000e-06   0.00000000e+00  -4.89999700e+00  0.975454  0.       -4.803924
panel t   2.00000000e-06   9.75452000e-01  -4.80392400e+00  0.956711  0.975452 -4.709696  0.975454  0.       -4.803924
panel t -0.956707  0.975452 -4.8097     2.00000000e-06   9.75452000e-01  -4.90392800e+00   2.00000000e-06   9.75452000e-01  -4.80392400e+00
panel t -0.956707 -0.975451 -4.8097   -0.956707 -0.975451 -4.709696   2.00000000e-06  -9.75451000e-01  -4.80392400e+00
panel t -0.956707 -0.975451 -4.8097   -0.97545   0.       -4.903928 -0.97545   0.       -4.803924
panel t -0.956707  0.975452 -4.8097   -0.956707  0.975452 -4.709696 -0.97545   0.       -4.803924
panel t -0.975452  4.803927  0.       -0.956708  4.803927 -0.190301 -1.876652  4.519398 -0.37329 
panel t -0.956708  4.803927 -0.190301 -0.9012    4.803927 -0.37329  -1.767767  4.519398 -0.732234
panel t -0.9012    4.803927 -0.37329  -0.811058  4.803927 -0.541933 -1.590948  4.519398 -1.063039
panel t -0.811058  4.803927 -0.541933 -0.689748  4.803927 -0.689749 -1.35299   4.519398 -1.352991
panel t -1.35299   4.519398 -1.352991 -0.689748  4.803927 -0.689749 -0.541931  4.803927 -0.811059
panel t -1.063037  4.519398 -1.59095  -0.541931  4.803927 -0.811059 -0.373288  4.803927 -0.901201
panel t -0.373288  4.803927 -0.901201 -0.1903    4.803927 -0.95671  -0.373288  4.519398 -1.876653
panel t -0.1903    4.803927 -0.95671    2.00000000e-06   4.80392700e+00  -9.75453000e-01   2.00000000e-06   4.51939800e+00  -1.91341900e+00
panel t   2.00000000e-06   4.51939800e+00  -1.91341900e+00   2.00000000e-06   4.80392700e+00  -9.75453000e-01  0.190303  4.803927 -0.95671 
panel t  0.190303  4.803927 -0.95671   0.373291  4.803927 -0.901201  0.732235  4.519398 -1.767768
panel t  0.373291  4.803927 -0.901201  0.541934  4.803927 -0.811059  1.06304   4.519398 -1.590949
panel t  0.541934  4.803927 -0.811059  0.689751  4.803927 -0.689749  1.352993  4.519398 -1.352991
panel t  0.689751  4.803927 -0.689749  0.811061  4.803927 -0.541932  1.590951  4.519398 -1.063038
panel t  0.811061  4.803927 -0.541932  0.901202  4.803927 -0.373289  1.76777   4.519398 -0.732233
panel t  0.901202  4.803927 -0.373289  0.956711  4.803927 -0.190301  1.876654  4.519398 -0.373289
panel t  0.956711  4.803927 -0.190301  0.975454  4.803927  0.        1.91342   4.519398  0.      
panel t  0.975454  4.803927  0.        0.956711  4.803927  0.190302  1.876654  4.519398  0.37329 
panel t  1.876654  4.519398  0.37329   0.956711  4.803927  0.190302  0.901202  4.803927  0.37329 
panel t  0.901202  4.803927  0.37329   0.811061  4.803927  0.541933  1.59095   4.519398  1.063038
panel t  0.811061  4.803927  0.541933  0.68975   4.803927  0.689749  1.352992  4.519398  1.352991
panel t  0.68975   4.803927  0.689749  0.541934  4.803927  0.811059  1.06304   4.519398  1.590949
panel t  0.541934  4.803927  0.811059  0.373291  4.803927  0.901201  0.732235  4.519398  1.767768
panel t  0.373291  4.803927  0.901201  0.190303  4.803927  0.956709  0.373291  4.519398  1.876652
panel t  0.373291  4.519398  1.876652  0.190303  4.803927  0.956709   1.00000000e-06   4.80392700e+00   9.75452000e-01
panel t   1.00000000e-06   4.80392700e+00   9.75452000e-01 -0.1903    4.803927  0.956709 -0.373288  4.519398  1.876652
panel t -0.1903    4.803927  0.956709 -0.373288  4.803927  0.9012   -0.732232  4.519398  1.767767
panel t -0.373288  4.803927  0.9012   -0.541931  4.803927  0.811059 -1.063036  4.519398  1.590948
panel t -0.541931  4.803927  0.811059 -0.689747  4.803927  0.689749 -1.352989  4.519398  1.35299 
panel t -0.689747  4.803927  0.689749 -0.811057  4.803927  0.541932 -1.590947  4.519398  1.063037
panel t -0.811057  4.803927  0.541932 -0.901199  4.803927  0.373289 -1.767765  4.519398  0.732233
panel t -0.901199  4.803927  0.373289 -0.956707  4.803927  0.190301 -1.87665   4.519398  0.373289
panel t -0.975452  4.803927  0.         1.00000000e-06   4.90000100e+00   2.00000000e-06 -0.956708  4.803927 -0.190301
panel t -0.956708  4.803927 -0.190301   1.00000000e-06   4.90000100e+00   2.00000000e-06 -0.9012    4.803927 -0.37329 
panel t -0.9012    4.803927 -0.37329    1.00000000e-06   4.90000100e+00   2.00000000e-06 -0.811058  4.803927 -0.541933
panel t -0.811058  4.803927 -0.541933   1.00000000e-06   4.90000100e+00   2.00000000e-06 -0.689748  4.803927 -0.689749
panel t -0.689748  4.803927 -0.689749   1.00000000e-06   4.90000100e+00   2.00000000e-06 -0.541931  4.803927 -0.811059
panel t -0.541931  4.803927 -0.811059   1.00000000e-06   4.90000100e+00   2.00000000e-06 -0.373288  4.803927 -0.901201
panel t -0.373288  4.803927 -0.901201   1.00000000e-06   4.90000100e+00   2.00000000e-06 -0.1903    4.803927 -0.95671 
panel t -0.1903    4.803927 -0.95671    1.00000000e-06   4.90000100e+00   2.00000000e-06   2.00000000e-06   4.80392700e+00  -9.75453000e-01
panel t   2.00000000e-06   4.80392700e+00  -9.75453000e-01   1.00000000e-06   4.90000100e+00   2.00000000e-06  0.190303  4.803927 -0.95671 
panel t  0.190303  4.803927 -0.95671    1.00000000e-06   4.90000100e+00   2.00000000e-06  0.373291  4.803927 -0.901201
panel t  0.373291  4.803927 -0.901201   1.00000000e-06   4.90000100e+00   2.00000000e-06  0.541934  4.803927 -0.811059
panel t  0.541934  4.803927 -0.811059   1.00000000e-06   4.90000100e+00   2.00000000e-06  0.689751  4.803927 -0.689749
panel t  0.689751  4.803927 -0.689749   1.00000000e-06   4.90000100e+00   2.00000000e-06  0.811061  4.803927 -0.541932
panel t  0.811061  4.803927 -0.541932   1.00000000e-06   4.90000100e+00   2.00000000e-06  0.901202  4.803927 -0.373289
panel t  0.901202  4.803927 -0.373289   1.00000000e-06   4.90000100e+00   2.00000000e-06  0.956711  4.803927 -0.190301
panel t  0.956711  4.803927 -0.190301   1.00000000e-06   4.90000100e+00   2.00000000e-06  0.975454  4.803927  0.      
panel t  0.975454  4.803927  0.         1.00000000e-06   4.90000100e+00   2.00000000e-06  0.956711  4.803927  0.190302
panel t  0.956711  4.803927  0.190302   1.00000000e-06   4.90000100e+00   2.00000000e-06  0.901202  4.803927  0.37329 
panel t  0.901202  4.803927  0.37329    1.00000000e-06   4.90000100e+00   2.00000000e-06  0.811061  4.803927  0.541933
panel t  0.811061  4.803927  0.541933   1.00000000e-06   4.90000100e+00   2.00000000e-06  0.68975   4.803927  0.689749
panel t  0.68975   4.803927  0.689749   1.00000000e-06   4.90000100e+00   2.00000000e-06  0.541934  4.803927  0.811059
panel t  0.541934  4.803927  0.811059   1.00000000e-06   4.90000100e+00   2.00000000e-06  0.373291  4.803927  0.901201
panel t  0.373291  4.803927  0.901201   1.00000000e-06   4.90000100e+00   2.00000000e-06  0.190303  4.803927  0.956709
panel t  0.190303  4.803927  0.956709   1.00000000e-06   4.90000100e+00   2.00000000e-06   1.00000000e-06   4.80392700e+00   9.75452000e-01
panel t   1.00000000e-06   4.80392700e+00   9.75452000e-01   1.00000000e-06   4.90000100e+00   2.00000000e-06 -0.1903    4.803927  0.956709
panel t -0.1903    4.803927  0.956709   1.00000000e-06   4.90000100e+00   2.00000000e-06 -0.373288  4.803927  0.9012  
panel t -0.373288  4.803927  0.9012     1.00000000e-06   4.90000100e+00   2.00000000e-06 -0.541931  4.803927  0.811059
panel t -0.541931  4.803927  0.811059   1.00000000e-06   4.90000100e+00   2.00000000e-06 -0.689747  4.803927  0.689749
panel t -0.689747  4.803927  0.689749   1.00000000e-06   4.90000100e+00   2.00000000e-06 -0.811057  4.803927  0.541932
panel t -0.811057  4.803927  0.541932   1.00000000e-06   4.90000100e+00   2.00000000e-06 -0.901199  4.803927  0.373289
panel t -0.901199  4.803927  0.373289   1.00000000e-06   4.90000100e+00   2.00000000e-06 -0.956707  4.803927  0.190301
panel t -1.87665   4.519398  0.373289 -0.956707  4.803927  0.190301 -0.975452  4.803927  0.      
panel t -0.956707  4.803927  0.190301   1.00000000e-06   4.90000100e+00   2.00000000e-06 -0.975452  4.803927  0.      
panel t   2.00000000e-06  -4.90000100e+00   0.00000000e+00 -0.956707 -4.803927 -0.190301 -0.901198 -4.803927 -0.373289
panel t   2.00000000e-06  -4.90000100e+00   0.00000000e+00 -0.901198 -4.803927 -0.373289 -0.811057 -4.803927 -0.541932
panel t   2.00000000e-06  -4.90000100e+00   0.00000000e+00 -0.811057 -4.803927 -0.541932 -0.689747 -4.803927 -0.689749
panel t   2.00000000e-06  -4.90000100e+00   0.00000000e+00 -0.689747 -4.803927 -0.689749 -0.54193  -4.803927 -0.811059
panel t   2.00000000e-06  -4.90000100e+00   0.00000000e+00 -0.54193  -4.803927 -0.811059 -0.373288 -4.803927 -0.9012  
panel t   2.00000000e-06  -4.90000100e+00   0.00000000e+00 -0.373288 -4.803927 -0.9012   -0.1903   -4.803927 -0.956709
panel t   2.00000000e-06  -4.90000100e+00   0.00000000e+00 -0.1903   -4.803927 -0.956709   2.00000000e-06  -4.80392700e+00  -9.75452000e-01
panel t   2.00000000e-06  -4.90000100e+00   0.00000000e+00   2.00000000e-06  -4.80392700e+00  -9.75452000e-01  0.190303 -4.803927 -0.956709
panel t   2.00000000e-06  -4.90000100e+00   0.00000000e+00  0.190303 -4.803927 -0.956709  0.373291 -4.803927 -0.9012  
panel t   2.00000000e-06  -4.90000100e+00   0.00000000e+00  0.373291 -4.803927 -0.9012    0.541933 -4.803927 -0.811058
panel t   2.00000000e-06  -4.90000100e+00   0.00000000e+00  0.541933 -4.803927 -0.811058  0.68975  -4.803927 -0.689748
panel t   2.00000000e-06  -4.90000100e+00   0.00000000e+00  0.68975  -4.803927 -0.689748  0.81106  -4.803927 -0.541932
panel t   2.00000000e-06  -4.90000100e+00   0.00000000e+00  0.81106  -4.803927 -0.541932  0.901201 -4.803927 -0.373289
panel t   2.00000000e-06  -4.90000100e+00   0.00000000e+00  0.901201 -4.803927 -0.373289  0.95671  -4.803927 -0.190301
panel t   2.00000000e-06  -4.90000100e+00   0.00000000e+00  0.95671  -4.803927 -0.190301  0.975453 -4.803927  0.      
panel t   2.00000000e-06  -4.90000100e+00   0.00000000e+00  0.975453 -4.803927  0.        0.95671  -4.803927  0.190301
panel t   2.00000000e-06  -4.90000100e+00   0.00000000e+00  0.95671  -4.803927  0.190301  0.901201 -4.803927  0.373289
panel t   2.00000000e-06  -4.90000100e+00   0.00000000e+00  0.901201 -4.803927  0.373289  0.81106  -4.803927  0.541932
panel t   2.00000000e-06  -4.90000100e+00   0.00000000e+00  0.81106  -4.803927  0.541932  0.68975  -4.803927  0.689748
panel t   2.00000000e-06  -4.90000100e+00   0.00000000e+00  0.68975  -4.803927  0.689748  0.541933 -4.803927  0.811058
panel t   2.00000000e-06  -4.90000100e+00   0.00000000e+00  0.541933 -4.803927  0.811058  0.373291 -4.803927  0.9012  
panel t   2.00000000e-06  -4.90000100e+00   0.00000000e+00  0.373291 -4.803927  0.9012    0.190303 -4.803927  0.956708
panel t   2.00000000e-06  -4.90000100e+00   0.00000000e+00  0.190303 -4.803927  0.956708   1.00000000e-06  -4.80392700e+00   9.75451000e-01
panel t   2.00000000e-06  -4.90000100e+00   0.00000000e+00   1.00000000e-06  -4.80392700e+00   9.75451000e-01 -0.1903   -4.803927  0.956708
panel t   2.00000000e-06  -4.90000100e+00   0.00000000e+00 -0.1903   -4.803927  0.956708 -0.373288 -4.803927  0.901199
panel t   2.00000000e-06  -4.90000100e+00   0.00000000e+00 -0.373288 -4.803927  0.901199 -0.54193  -4.803927  0.811058
panel t   2.00000000e-06  -4.90000100e+00   0.00000000e+00 -0.54193  -4.803927  0.811058 -0.689747 -4.803927  0.689748
panel t   2.00000000e-06  -4.90000100e+00   0.00000000e+00 -0.689747 -4.803927  0.689748 -0.811056 -4.803927  0.541932
panel t   2.00000000e-06  -4.90000100e+00   0.00000000e+00 -0.811056 -4.803927  0.541932 -0.901198 -4.803927  0.373289
panel t   2.00000000e-06  -4.90000100e+00   0.00000000e+00 -0.901198 -4.803927  0.373289 -0.956706 -4.803927  0.190301
panel t -1.876649 -4.519398  0.373289 -1.913416 -4.519398  0.       -0.97545  -4.803927  0.      
panel t   2.00000000e-06  -4.90000100e+00   0.00000000e+00 -0.956706 -4.803927  0.190301 -0.97545  -4.803927  0.      
panel t -4.709697  0.975452 -0.956709 -4.809699  0.975452 -0.956709 -4.803925  0.       -0.975452
panel t -4.903926  0.       -0.975452 -4.809699 -0.975451 -0.956709 -4.803925  0.       -0.975452
panel t -0.901198 -4.803927  0.373289 -1.767765 -4.519398  0.732232 -0.956706 -4.803927  0.190301
panel t -0.811056 -4.803927  0.541932 -1.590946 -4.519398  1.063037 -0.901198 -4.803927  0.373289
panel t -0.811056 -4.803927  0.541932 -0.689747 -4.803927  0.689748 -1.590946 -4.519398  1.063037
panel t -0.689747 -4.803927  0.689748 -0.54193  -4.803927  0.811058 -1.352988 -4.519398  1.35299 
panel t -0.54193  -4.803927  0.811058 -0.373288 -4.803927  0.901199 -1.063036 -4.519398  1.590948
panel t -0.373288 -4.803927  0.901199 -0.1903   -4.803927  0.956708 -0.732231 -4.519398  1.767767
panel t -0.1903   -4.803927  0.956708   1.00000000e-06  -4.80392700e+00   9.75451000e-01 -0.373287 -4.519398  1.876651
panel t  0.956711  0.975452 -4.709696  0.956711  0.975452 -4.8097    0.975454  0.       -4.803924
panel t  0.975454  0.       -4.903928  0.956711 -0.975451 -4.8097    0.975454  0.       -4.803924
panel t   1.00000000e-06  -4.80392700e+00   9.75451000e-01  0.190303 -4.803927  0.956708   2.00000000e-06  -4.51939800e+00   1.91341700e+00
panel t  0.956711 -0.975451 -4.709696  0.956711 -0.975451 -4.8097     2.00000000e-06  -9.75451000e-01  -4.80392400e+00
panel t   2.00000000e-06   9.75452000e-01  -4.90392800e+00  0.956711  0.975452 -4.8097     2.00000000e-06   9.75452000e-01  -4.80392400e+00
panel t  0.373291 -4.803927  0.9012    0.732235 -4.519398  1.767767  0.190303 -4.803927  0.956708
panel t  0.541933 -4.803927  0.811058  1.063039 -4.519398  1.590948  0.373291 -4.803927  0.9012  
panel t  0.541933 -4.803927  0.811058  0.68975  -4.803927  0.689748  1.063039 -4.519398  1.590948
panel t  0.68975  -4.803927  0.689748  0.81106  -4.803927  0.541932  1.352992 -4.519398  1.35299 
panel t  0.901201 -4.803927  0.373289  1.767769 -4.519398  0.732233  0.81106  -4.803927  0.541932
panel t  0.95671  -4.803927  0.190301  1.876653 -4.519398  0.373289  0.901201 -4.803927  0.373289
panel t  0.95671  -4.803927  0.190301  0.975453 -4.803927  0.        1.876653 -4.519398  0.373289
panel t -4.709697 -0.975451 -0.956709 -4.809699 -0.975451 -0.956709 -4.803925 -0.975451  0.      
panel t -4.903926  0.975452  0.       -4.809699  0.975452 -0.956709 -4.803925  0.975452  0.      
panel t  0.95671  -4.803927 -0.190301  1.876654 -4.519398 -0.373289  0.975453 -4.803927  0.      
panel t -4.803922  0.        0.975451 -4.709693  0.975452  0.956706 -4.899999  0.        0.      
panel t -4.803925 -0.975451  0.       -4.709693 -0.975451  0.956706 -4.899999  0.        0.      
panel t  0.95671  -4.803927 -0.190301  0.901201 -4.803927 -0.373289  1.876654 -4.519398 -0.373289
panel t  0.81106  -4.803927 -0.541932  1.59095  -4.519398 -1.063038  0.901201 -4.803927 -0.373289
panel t  0.81106  -4.803927 -0.541932  0.68975  -4.803927 -0.689748  1.59095  -4.519398 -1.063038
panel t  0.68975  -4.803927 -0.689748  0.541933 -4.803927 -0.811058  1.352993 -4.519398 -1.352991
panel t  0.373291 -4.803927 -0.9012    0.732235 -4.519398 -1.767768  0.541933 -4.803927 -0.811058
panel t  0.190303 -4.803927 -0.956709  0.373291 -4.519398 -1.876652  0.373291 -4.803927 -0.9012  
panel t  0.190303 -4.803927 -0.956709   2.00000000e-06  -4.80392700e+00  -9.75452000e-01  0.373291 -4.519398 -1.876652
panel t -0.956708  0.975452  4.709695 -0.956708  0.975452  4.809697 -0.97545   0.        4.803924
panel t -0.97545   0.        4.903925 -0.956708 -0.975451  4.809697 -0.97545   0.        4.803924
panel t   2.00000000e-06  -4.80392700e+00  -9.75452000e-01 -0.1903   -4.803927 -0.956709   2.00000000e-06  -4.51939800e+00  -1.91341800e+00
panel t -0.956708 -0.975451  4.709695 -0.956708 -0.975451  4.809697   1.00000000e-06  -9.75451000e-01   4.80392400e+00
panel t   1.00000000e-06   9.75452000e-01   4.90392500e+00 -0.956708  0.975452  4.809697   1.00000000e-06   9.75452000e-01   4.80392400e+00
panel t -0.1903   -4.803927 -0.956709 -0.373288 -4.803927 -0.9012   -0.373288 -4.519398 -1.876652
panel t -0.373288 -4.803927 -0.9012   -0.54193  -4.803927 -0.811059 -0.732232 -4.519398 -1.767768
panel t -0.689747 -4.803927 -0.689749 -1.352989 -4.519398 -1.352991 -0.54193  -4.803927 -0.811059
panel t -0.689747 -4.803927 -0.689749 -0.811057 -4.803927 -0.541932 -1.352989 -4.519398 -1.352991
panel t -0.901198 -4.803927 -0.373289 -1.767766 -4.519398 -0.732233 -0.811057 -4.803927 -0.541932
panel t -0.901198 -4.803927 -0.373289 -0.956707 -4.803927 -0.190301 -1.767766 -4.519398 -0.732233
panel t -0.97545  -4.803927  0.       -1.913416 -4.519398  0.       -0.956707 -4.803927 -0.190301
panel t  0.373291 -4.619398 -1.876652  0.732235 -4.619398 -1.767768  0.373291 -4.519398 -1.876652
panel t  1.590951  4.619398 -1.063038  1.352993  4.619398 -1.352991  1.590951  4.519398 -1.063038
panel t  1.59095  -4.619398  1.063038  1.352992 -4.619398  1.35299   1.59095  -4.519398  1.063038
panel t -1.767767  4.619398 -0.732234 -1.876652  4.619398 -0.37329  -1.767767  4.519398 -0.732234
panel t  1.767769 -4.619398 -0.732233  1.876654 -4.619398 -0.373289  1.767769 -4.519398 -0.732233
panel t  0.373291  4.619398  1.876652  0.732235  4.619398  1.767768  0.373291  4.519398  1.876652
panel t -1.590947 -4.619398 -1.063038 -1.352989 -4.619398 -1.352991 -1.590947 -4.519398 -1.063038
panel t -0.732232  4.619398  1.767767 -0.373288  4.619398  1.876652 -0.732232  4.519398  1.767767
panel t  1.913419 -4.619398 -0.        1.876653 -4.619398  0.373289  1.913419 -4.519398 -0.      
panel t -0.373288  4.619398 -1.876653 -0.732232  4.619398 -1.767769 -0.373288  4.519398 -1.876653
panel t -1.063036 -4.619398  1.590948 -1.352988 -4.619398  1.35299  -1.063036 -4.519398  1.590948
panel t -1.87665   4.619398  0.373289 -1.767765  4.619398  0.732233 -1.87665   4.519398  0.373289
panel t   2.00000000e-06  -4.61939800e+00  -1.91341800e+00  0.373291 -4.619398 -1.876652   2.00000000e-06  -4.51939800e+00  -1.91341800e+00
panel t -1.913417  4.619398  0.       -1.87665   4.619398  0.373289 -1.913417  4.519398  0.      
panel t  1.767769 -4.619398  0.732233  1.59095  -4.619398  1.063038  1.767769 -4.519398  0.732233
panel t  1.352993  4.619398 -1.352991  1.06304   4.619398 -1.590949  1.352993  4.519398 -1.352991
panel t  1.59095  -4.619398 -1.063038  1.767769 -4.619398 -0.732233  1.59095  -4.519398 -1.063038
panel t  0.732235  4.619398  1.767768  1.06304   4.619398  1.590949  0.732235  4.519398  1.767768
panel t -1.767766 -4.619398 -0.732233 -1.590947 -4.619398 -1.063038 -1.767766 -4.519398 -0.732233
panel t -0.373288  4.619398  1.876652   2.00000000e-06   4.61939800e+00   1.91341800e+00 -0.373288  4.519398  1.876652
panel t  0.373291 -4.619398  1.876651   2.00000000e-06  -4.61939800e+00   1.91341700e+00  0.373291 -4.519398  1.876651
panel t -0.732232  4.619398 -1.767769 -1.063037  4.619398 -1.59095  -0.732232  4.519398 -1.767769
panel t -0.732231 -4.619398  1.767767 -1.063036 -4.619398  1.590948 -0.732231 -4.519398  1.767767
panel t -1.767765  4.619398  0.732233 -1.590947  4.619398  1.063037 -1.767765  4.519398  0.732233
panel t -0.373288 -4.619398 -1.876652   2.00000000e-06  -4.61939800e+00  -1.91341800e+00 -0.373288 -4.519398 -1.876652
panel t  1.91342   4.619398  0.        1.876654  4.619398 -0.373289  1.91342   4.519398  0.      
panel t  1.876653 -4.619398  0.373289  1.767769 -4.619398  0.732233  1.876653 -4.519398  0.373289
panel t  1.06304   4.619398 -1.590949  0.732235  4.619398 -1.767768  1.06304   4.519398 -1.590949
panel t  1.352993 -4.619398 -1.352991  1.59095  -4.619398 -1.063038  1.352993 -4.519398 -1.352991
panel t -1.876652  4.619398 -0.37329  -1.913417  4.619398  0.       -1.876652  4.519398 -0.37329 
panel t -1.876651 -4.619398 -0.373289 -1.767766 -4.619398 -0.732233 -1.876651 -4.519398 -0.373289
panel t  1.06304   4.619398  1.590949  1.352992  4.619398  1.352991  1.06304   4.519398  1.590949
panel t  0.732235 -4.619398  1.767767  0.373291 -4.619398  1.876651  0.732235 -4.519398  1.767767
panel t -1.063037  4.619398 -1.59095  -1.35299   4.619398 -1.352991 -1.063037  4.519398 -1.59095 
panel t -0.373287 -4.619398  1.876651 -0.732231 -4.619398  1.767767 -0.373287 -4.519398  1.876651
panel t -1.590947  4.619398  1.063037 -1.352989  4.619398  1.35299  -1.590947  4.519398  1.063037
panel t -0.732232 -4.619398 -1.767768 -0.373288 -4.619398 -1.876652 -0.732232 -4.519398 -1.767768
panel t  0.732235  4.619398 -1.767768  0.373291  4.619398 -1.876653  0.732235  4.519398 -1.767768
panel t -1.767765 -4.619398  0.732232 -1.876649 -4.619398  0.373289 -1.767765 -4.519398  0.732232
panel t  1.352992  4.619398  1.352991  1.59095   4.619398  1.063038  1.352992  4.519398  1.352991
panel t -1.876649 -4.619398  0.373289 -1.913416 -4.619398  0.       -1.876649 -4.519398  0.373289
panel t  1.876654  4.619398 -0.373289  1.76777   4.619398 -0.732233  1.876654  4.519398 -0.373289
panel t  1.06304  -4.619398 -1.590949  1.352993 -4.619398 -1.352991  1.06304  -4.519398 -1.590949
panel t -1.35299   4.619398 -1.352991 -1.590948  4.619398 -1.063039 -1.35299   4.519398 -1.352991
panel t  1.063039 -4.619398  1.590948  0.732235 -4.619398  1.767767  1.063039 -4.519398  1.590948
panel t  1.876654  4.619398  0.37329   1.91342   4.619398  0.        1.876654  4.519398  0.37329 
panel t   2.00000000e-06  -4.61939800e+00   1.91341700e+00 -0.373287 -4.619398  1.876651   2.00000000e-06  -4.51939800e+00   1.91341700e+00
panel t -1.352989  4.619398  1.35299  -1.063036  4.619398  1.590948 -1.352989  4.519398  1.35299 
panel t -1.063036 -4.619398 -1.590949 -0.732232 -4.619398 -1.767768 -1.063036 -4.519398 -1.590949
panel t  0.373291  4.619398 -1.876653   2.00000000e-06   4.61939800e+00  -1.91341900e+00  0.373291  4.519398 -1.876653
panel t -1.590946 -4.619398  1.063037 -1.767765 -4.619398  0.732232 -1.590946 -4.519398  1.063037
panel t  1.59095   4.619398  1.063038  1.767769  4.619398  0.732234  1.59095   4.519398  1.063038
panel t  1.876654 -4.619398 -0.373289  1.913419 -4.619398 -0.        1.876654 -4.519398 -0.373289
panel t  1.76777   4.619398 -0.732233  1.590951  4.619398 -1.063038  1.76777   4.519398 -0.732233
panel t  0.732235 -4.619398 -1.767768  1.06304  -4.619398 -1.590949  0.732235 -4.519398 -1.767768
panel t -1.590948  4.619398 -1.063039 -1.767767  4.619398 -0.732234 -1.590948  4.519398 -1.063039
panel t  1.352992 -4.619398  1.35299   1.063039 -4.619398  1.590948  1.352992 -4.519398  1.35299 
panel t   2.00000000e-06   4.61939800e+00   1.91341800e+00  0.373291  4.619398  1.876652   2.00000000e-06   4.51939800e+00   1.91341800e+00
panel t -1.352989 -4.619398 -1.352991 -1.063036 -4.619398 -1.590949 -1.352989 -4.519398 -1.352991
panel t -1.063036  4.619398  1.590948 -0.732232  4.619398  1.767767 -1.063036  4.519398  1.590948
panel t -1.913416 -4.619398  0.       -1.876651 -4.619398 -0.373289 -1.913416 -4.519398  0.      
panel t   2.00000000e-06   4.61939800e+00  -1.91341900e+00 -0.373288  4.619398 -1.876653   2.00000000e-06   4.51939800e+00  -1.91341900e+00
panel t -4.803925  0.       -0.975452 -4.899999  0.        0.       -4.709697  0.975452 -0.956709
panel t -1.352988 -4.619398  1.35299  -1.590946 -4.619398  1.063037 -1.352988 -4.519398  1.35299 
panel t  1.767769  4.619398  0.732234  1.876654  4.619398  0.37329   1.767769  4.519398  0.732234
panel t -4.803925 -0.975451  0.       -4.899999  0.        0.       -4.709697 -0.975451 -0.956709
panel t -4.809699 -0.975451 -0.956709 -4.809699 -0.975451 -0.956709 -4.903926 -0.975451  0.      
panel t -4.903926  0.975452  0.       -4.903926  0.975452  0.       -4.809699  0.975452 -0.956709
panel t -4.903926  0.       -0.975452 -4.903926  0.       -0.975452 -4.809699 -0.975451 -0.956709
panel t -4.809694 -0.975451  0.956706 -4.809694 -0.975451  0.956706 -4.903924  0.        0.975451
panel t -4.903926 -0.975451  0.       -4.903926 -0.975451  0.       -4.809694 -0.975451  0.956706
panel t -4.809699  0.975452 -0.956709 -4.809699  0.975452 -0.956709 -4.903926  0.       -0.975452
panel t -4.809694  0.975452  0.956706 -4.809694  0.975452  0.956706 -4.903926  0.975452  0.      
panel t -4.903924  0.        0.975451 -4.903924  0.        0.975451 -4.809694  0.975452  0.956706
panel t -4.903924  0.        0.975451 -4.809694  0.975452  0.956706 -4.803922  0.        0.975451
panel t -4.709693 -0.975451  0.956706 -4.809694 -0.975451  0.956706 -4.803922  0.        0.975451
panel t -4.903926 -0.975451  0.       -4.809694 -0.975451  0.956706 -4.803925 -0.975451  0.      
panel t -4.709693  0.975452  0.956706 -4.809694  0.975452  0.956706 -4.803925  0.975452  0.      
panel t  4.903929  0.       -0.975452  4.809701  0.975452 -0.956708  4.803924  0.       -0.975452
panel t  4.709696 -0.975451 -0.956708  4.809701 -0.975451 -0.956708  4.803924  0.       -0.975452
panel t   4.90392800e+00  -9.75451000e-01   1.00000000e-06  4.809701 -0.975451 -0.956708   4.80392400e+00  -9.75451000e-01   1.00000000e-06
panel t  4.709696  0.975452 -0.956708  4.809701  0.975452 -0.956708   4.80392400e+00   9.75452000e-01   1.00000000e-06
panel t  4.709696  0.975452  0.95671   4.8097    0.975452  0.95671   4.803924  0.        0.975452
panel t  4.903928  0.        0.975452  4.8097   -0.975451  0.95671   4.803924  0.        0.975452
panel t  4.709696 -0.975451  0.95671   4.8097   -0.975451  0.95671    4.80392400e+00  -9.75451000e-01   1.00000000e-06
panel t   4.90392800e+00   9.75452000e-01   1.00000000e-06  4.8097    0.975452  0.95671    4.80392400e+00   9.75452000e-01   1.00000000e-06
panel t   4.80392400e+00  -9.75451000e-01   1.00000000e-06   4.80392400e+00  -9.75451000e-01   1.00000000e-06  4.709696 -0.975451 -0.956708
panel t  4.709696  0.975452 -0.956708  4.709696  0.975452 -0.956708   4.80392400e+00   9.75452000e-01   1.00000000e-06
panel t  4.803924  0.       -0.975452  4.803924  0.       -0.975452  4.709696  0.975452 -0.956708
panel t  4.803924  0.        0.975452  4.803924  0.        0.975452  4.709696 -0.975451  0.95671 
panel t  4.709696 -0.975451  0.95671   4.709696 -0.975451  0.95671    4.80392400e+00  -9.75451000e-01   1.00000000e-06
panel t  4.709696 -0.975451 -0.956708  4.709696 -0.975451 -0.956708  4.803924  0.       -0.975452
panel t   4.80392400e+00   9.75452000e-01   1.00000000e-06   4.80392400e+00   9.75452000e-01   1.00000000e-06  4.709696  0.975452  0.95671 
panel t  4.709696  0.975452  0.95671   4.709696  0.975452  0.95671   4.803924  0.        0.975452
panel t  4.709696  0.975452  0.95671   4.709696  0.975452  0.95671   4.803924  0.        0.975452
panel t  4.803924  0.        0.975452  4.803924  0.        0.975452  4.709696 -0.975451  0.95671 
panel t  4.709696 -0.975451  0.95671   4.709696 -0.975451  0.95671    4.80392400e+00  -9.75451000e-01   1.00000000e-06
panel t   4.80392400e+00   9.75452000e-01   1.00000000e-06   4.80392400e+00   9.75452000e-01   1.00000000e-06  4.709696  0.975452  0.95671 
panel t  4.709696  0.975452  0.95671   4.709696  0.975452  0.95671   4.803924  0.        0.975452
panel t  4.803924  0.        0.975452  4.803924  0.        0.975452  4.709696 -0.975451  0.95671 
panel t  4.709696 -0.975451  0.95671   4.709696 -0.975451  0.95671    4.80392400e+00  -9.75451000e-01   1.00000000e-06
panel t   4.80392400e+00   9.75452000e-01   1.00000000e-06   4.80392400e+00   9.75452000e-01   1.00000000e-06  4.709696  0.975452  0.95671 
panel t  4.709696  0.975452 -0.956708  4.709696  0.975452 -0.956708   4.80392400e+00   9.75452000e-01   1.00000000e-06
panel t   4.80392400e+00  -9.75451000e-01   1.00000000e-06   4.80392400e+00  -9.75451000e-01   1.00000000e-06  4.709696 -0.975451 -0.956708
panel t  4.709696 -0.975451 -0.956708  4.709696 -0.975451 -0.956708  4.803924  0.       -0.975452
panel t  4.803924  0.       -0.975452  4.803924  0.       -0.975452  4.709696  0.975452 -0.956708
panel t   4.80392400e+00  -9.75451000e-01   1.00000000e-06  4.709696 -0.975451 -0.956708  4.899997  0.        0.      
panel t  4.803924  0.       -0.975452  4.709696  0.975452 -0.956708  4.899997  0.        0.      
panel t  4.709696 -0.975451  0.95671    4.80392400e+00  -9.75451000e-01   1.00000000e-06  4.803924  0.        0.975452
panel t  4.899997  0.        0.         4.80392400e+00   9.75452000e-01   1.00000000e-06  4.803924  0.        0.975452
panel t  4.709696  0.975452 -0.956708  4.709696  0.975452 -0.956708   4.80392400e+00   9.75452000e-01   1.00000000e-06
panel t   4.80392400e+00  -9.75451000e-01   1.00000000e-06   4.80392400e+00  -9.75451000e-01   1.00000000e-06  4.709696 -0.975451 -0.956708
panel t  4.709696 -0.975451 -0.956708  4.709696 -0.975451 -0.956708  4.803924  0.       -0.975452
panel t  4.803924  0.       -0.975452  4.803924  0.       -0.975452  4.709696  0.975452 -0.956708
panel t   1.00000000e-06  -9.75451000e-01   4.80392400e+00  0.956709 -0.975451  4.709697   1.00000000e-06   0.00000000e+00   4.89999700e+00
panel t  0.975453  0.        4.803924  0.956709  0.975452  4.709697   1.00000000e-06   0.00000000e+00   4.89999700e+00
panel t -0.956708 -0.975451  4.709695   1.00000000e-06  -9.75451000e-01   4.80392400e+00 -0.97545   0.        4.803924
panel t   1.00000000e-06   0.00000000e+00   4.89999700e+00   1.00000000e-06   9.75452000e-01   4.80392400e+00 -0.97545   0.        4.803924
panel t  0.956709  0.975452  4.709697  0.956709  0.975452  4.809698   1.00000000e-06   9.75452000e-01   4.80392400e+00
panel t   1.00000000e-06  -9.75451000e-01   4.90392500e+00  0.956709 -0.975451  4.809698   1.00000000e-06  -9.75451000e-01   4.80392400e+00
panel t  0.956709 -0.975451  4.709697  0.956709 -0.975451  4.809698  0.975453  0.        4.803924
panel t  0.975453  0.        4.903925  0.956709  0.975452  4.809698  0.975453  0.        4.803924
panel t -0.956707 -0.975451 -4.709696 -0.97545   0.       -4.803924   2.00000000e-06  -9.75451000e-01  -4.80392400e+00
panel t -0.97545   0.       -4.803924 -0.956707  0.975452 -4.709696   2.00000000e-06   0.00000000e+00  -4.89999700e+00
panel t  0.956711 -0.975451 -4.709696   2.00000000e-06  -9.75451000e-01  -4.80392400e+00  0.975454  0.       -4.803924
panel t   2.00000000e-06   0.00000000e+00  -4.89999700e+00   2.00000000e-06   9.75452000e-01  -4.80392400e+00  0.975454  0.       -4.803924
panel t -0.956707  0.975452 -4.709696 -0.956707  0.975452 -4.8097     2.00000000e-06   9.75452000e-01  -4.80392400e+00
panel t   2.00000000e-06  -9.75451000e-01  -4.90392800e+00 -0.956707 -0.975451 -4.8097     2.00000000e-06  -9.75451000e-01  -4.80392400e+00
panel t -0.956707 -0.975451 -4.709696 -0.956707 -0.975451 -4.8097   -0.97545   0.       -4.803924
panel t -0.97545   0.       -4.903928 -0.956707  0.975452 -4.8097   -0.97545   0.       -4.803924
panel t -1.913417  4.519398  0.       -0.975452  4.803927  0.       -1.876652  4.519398 -0.37329 
panel t -1.876652  4.519398 -0.37329  -0.956708  4.803927 -0.190301 -1.767767  4.519398 -0.732234
panel t -1.767767  4.519398 -0.732234 -0.9012    4.803927 -0.37329  -1.590948  4.519398 -1.063039
panel t -1.590948  4.519398 -1.063039 -0.811058  4.803927 -0.541933 -1.35299   4.519398 -1.352991
panel t -1.063037  4.519398 -1.59095  -1.35299   4.519398 -1.352991 -0.541931  4.803927 -0.811059
panel t -0.732232  4.519398 -1.767769 -1.063037  4.519398 -1.59095  -0.373288  4.803927 -0.901201
panel t -0.732232  4.519398 -1.767769 -0.373288  4.803927 -0.901201 -0.373288  4.519398 -1.876653
panel t -0.373288  4.519398 -1.876653 -0.1903    4.803927 -0.95671    2.00000000e-06   4.51939800e+00  -1.91341900e+00
panel t  0.373291  4.519398 -1.876653   2.00000000e-06   4.51939800e+00  -1.91341900e+00  0.190303  4.803927 -0.95671 
panel t  0.373291  4.519398 -1.876653  0.190303  4.803927 -0.95671   0.732235  4.519398 -1.767768
panel t  0.732235  4.519398 -1.767768  0.373291  4.803927 -0.901201  1.06304   4.519398 -1.590949
panel t  1.06304   4.519398 -1.590949  0.541934  4.803927 -0.811059  1.352993  4.519398 -1.352991
panel t  1.352993  4.519398 -1.352991  0.689751  4.803927 -0.689749  1.590951  4.519398 -1.063038
panel t  1.590951  4.519398 -1.063038  0.811061  4.803927 -0.541932  1.76777   4.519398 -0.732233
panel t  1.76777   4.519398 -0.732233  0.901202  4.803927 -0.373289  1.876654  4.519398 -0.373289
panel t  1.876654  4.519398 -0.373289  0.956711  4.803927 -0.190301  1.91342   4.519398  0.      
panel t  1.91342   4.519398  0.        0.975454  4.803927  0.        1.876654  4.519398  0.37329 
panel t  1.767769  4.519398  0.732234  1.876654  4.519398  0.37329   0.901202  4.803927  0.37329 
panel t  1.767769  4.519398  0.732234  0.901202  4.803927  0.37329   1.59095   4.519398  1.063038
panel t  1.59095   4.519398  1.063038  0.811061  4.803927  0.541933  1.352992  4.519398  1.352991
panel t  1.352992  4.519398  1.352991  0.68975   4.803927  0.689749  1.06304   4.519398  1.590949
panel t  1.06304   4.519398  1.590949  0.541934  4.803927  0.811059  0.732235  4.519398  1.767768
panel t  0.732235  4.519398  1.767768  0.373291  4.803927  0.901201  0.373291  4.519398  1.876652
panel t   2.00000000e-06   4.51939800e+00   1.91341800e+00  0.373291  4.519398  1.876652   1.00000000e-06   4.80392700e+00   9.75452000e-01
panel t   2.00000000e-06   4.51939800e+00   1.91341800e+00   1.00000000e-06   4.80392700e+00   9.75452000e-01 -0.373288  4.519398  1.876652
panel t -0.373288  4.519398  1.876652 -0.1903    4.803927  0.956709 -0.732232  4.519398  1.767767
panel t -0.732232  4.519398  1.767767 -0.373288  4.803927  0.9012   -1.063036  4.519398  1.590948
panel t -1.063036  4.519398  1.590948 -0.541931  4.803927  0.811059 -1.352989  4.519398  1.35299 
panel t -1.352989  4.519398  1.35299  -0.689747  4.803927  0.689749 -1.590947  4.519398  1.063037
panel t -1.590947  4.519398  1.063037 -0.811057  4.803927  0.541932 -1.767765  4.519398  0.732233
panel t -1.767765  4.519398  0.732233 -0.901199  4.803927  0.373289 -1.87665   4.519398  0.373289
panel t -1.913417  4.519398  0.       -1.87665   4.519398  0.373289 -0.975452  4.803927  0.      
panel t -0.956706 -4.803927  0.190301 -1.876649 -4.519398  0.373289 -0.97545  -4.803927  0.      

end_file
