panel t -4.074202 -2.722294  0.       -3.764071 -2.722294 -1.55913  -3.201079 -3.464823 -1.325931
panel t -4.9  0.   0.  -4.805848  0.955943  0.       -4.440024  0.955943 -1.839119
panel t -2.722294  4.074201  0.       -2.515072  4.074201 -1.041778 -3.201079  3.464823 -1.325931
panel t -2.722294 -4.074202  0.       -3.464823 -3.464823  0.       -3.201079 -3.464823 -1.325931
panel t -4.9  0.   0.  -4.527009  0.       -1.87515  -4.440024 -0.955942 -1.839119
panel t -3.464823  3.464823  0.       -3.201079  3.464823 -1.325931 -3.764071  2.722294 -1.55913 
panel t -4.527009  1.875149  0.       -4.074202  2.722294  0.       -3.764071  2.722294 -1.55913 
panel t -1.875149  4.527009  0.       -0.955943  4.805848  0.       -0.883176  4.805848 -0.365824
panel t -1.875148 -4.52701   0.       -2.722294 -4.074202  0.       -2.515071 -4.074202 -1.041777
panel t -4.52701  -1.875148  0.       -4.805848 -0.955942  0.       -4.440024 -0.955942 -1.839119
panel t -4.074202 -2.722294  0.       -4.52701  -1.875148  0.       -4.182412 -1.875148 -1.732412
panel t -4.527009  1.875149  0.       -4.182411  1.875149 -1.732412 -4.440024  0.955943 -1.839119
panel t -1.875149  4.527009  0.       -1.732412  4.527009 -0.717589 -2.515072  4.074201 -1.041778
panel t -1.875148 -4.52701   0.       -1.732411 -4.52701  -0.717589 -0.883175 -4.805848 -0.365824
panel t -3.764071 -2.722294 -1.55913  -2.880895 -2.722294 -2.880897 -2.449999 -3.464823 -2.450001
panel t -4.440024  0.955943 -1.839119 -3.398247  0.955943 -3.398249 -3.464823  0.       -3.464824
panel t -2.515072  4.074201 -1.041778 -1.924952  4.074201 -1.924954 -2.449999  3.464823 -2.450001
panel t -3.764071  2.722294 -1.55913  -3.201079  3.464823 -1.325931 -2.449999  3.464823 -2.450001
panel t -3.201079 -3.464823 -1.325931 -2.449999 -3.464823 -2.450001 -1.924952 -4.074202 -1.924954
panel t -4.527009  0.       -1.87515  -3.464823  0.       -3.464824 -3.398247 -0.955942 -3.398249
panel t -4.182412 -1.875148 -1.732412 -4.440024 -0.955942 -1.839119 -3.398247 -0.955942 -3.398249
panel t -4.182411  1.875149 -1.732412 -3.764071  2.722294 -1.55913  -2.880895  2.722294 -2.880897
panel t -0.883176  4.805848 -0.365824 -0.675953  4.805848 -0.675955 -1.32593   4.527009 -1.325932
panel t -2.515071 -4.074202 -1.041777 -1.924952 -4.074202 -1.924954 -1.325929 -4.52701  -1.325931
panel t -1.732411 -4.52701  -0.717589 -1.325929 -4.52701  -1.325931 -0.675952 -4.805848 -0.675954
panel t -4.182412 -1.875148 -1.732412 -3.201079 -1.875148 -3.201081 -2.880895 -2.722294 -2.880897
panel t -4.440024  0.955943 -1.839119 -4.182411  1.875149 -1.732412 -3.201078  1.875149 -3.20108 
panel t -1.732412  4.527009 -0.717589 -1.32593   4.527009 -1.325932 -1.924952  4.074201 -1.924954
panel t -3.398247  0.955943 -3.398249 -3.201078  1.875149 -3.20108  -1.73241   1.875149 -4.182413
panel t -1.32593   4.527009 -1.325932 -0.717587  4.527009 -1.732413 -1.041776  4.074201 -2.515074
panel t -0.675952 -4.805848 -0.675954 -1.325929 -4.52701  -1.325931 -0.717587 -4.52701  -1.732412
panel t -3.201079 -1.875148 -3.201081 -1.73241  -1.875148 -4.182414 -1.559128 -2.722294 -3.764073
panel t -2.449999 -3.464823 -2.450001 -2.880895 -2.722294 -2.880897 -1.559128 -2.722294 -3.764073
panel t -3.398247  0.955943 -3.398249 -1.839117  0.955943 -4.440026 -1.875147  0.       -4.527011
panel t -1.924952  4.074201 -1.924954 -1.041776  4.074201 -2.515074 -1.325929  3.464823 -3.201081
panel t -2.449999 -3.464823 -2.450001 -1.325929 -3.464823 -3.201081 -1.041775 -4.074202 -2.515073
panel t -3.398247 -0.955942 -3.398249 -3.464823  0.       -3.464824 -1.875147  0.       -4.527011
panel t -2.449999  3.464823 -2.450001 -1.325929  3.464823 -3.201081 -1.559128  2.722294 -3.764073
panel t -1.32593   4.527009 -1.325932 -0.675953  4.805848 -0.675955 -0.365822  4.805848 -0.883177
panel t -1.325929 -4.52701  -1.325931 -1.924952 -4.074202 -1.924954 -1.041775 -4.074202 -2.515073
panel t -3.201079 -1.875148 -3.201081 -3.398247 -0.955942 -3.398249 -1.839117 -0.955942 -4.440026
panel t -2.880895  2.722294 -2.880897 -1.559128  2.722294 -3.764073 -1.73241   1.875149 -4.182413
panel t -0.717587 -4.52701  -1.732412 -1.041775 -4.074202 -2.515073   2.00000000e-06  -4.07420200e+00  -2.72229500e+00
panel t -1.73241  -1.875148 -4.182414 -1.839117 -0.955942 -4.440026   2.00000000e-06  -9.55942000e-01  -4.80584900e+00
panel t -1.559128  2.722294 -3.764073   2.00000000e-06   2.72229400e+00  -4.07420300e+00   2.00000000e-06   1.87514900e+00  -4.52701000e+00
panel t -0.365822  4.805848 -0.883177   2.00000000e-06   4.80584800e+00  -9.55944000e-01   2.00000000e-06   4.52700900e+00  -1.87515100e+00
panel t -0.365822 -4.805848 -0.883176 -0.717587 -4.52701  -1.732412   2.00000000e-06  -4.52701000e+00  -1.87515000e+00
panel t -1.73241  -1.875148 -4.182414   2.00000000e-06  -1.87514800e+00  -4.52701100e+00   2.00000000e-06  -2.72229400e+00  -4.07420300e+00
panel t -1.839117  0.955943 -4.440026 -1.73241   1.875149 -4.182413   2.00000000e-06   1.87514900e+00  -4.52701000e+00
panel t -0.717587  4.527009 -1.732413   2.00000000e-06   4.52700900e+00  -1.87515100e+00   2.00000000e-06   4.07420100e+00  -2.72229600e+00
panel t -1.325929  3.464823 -3.201081 -1.041776  4.074201 -2.515074   2.00000000e-06   4.07420100e+00  -2.72229600e+00
panel t -1.559128 -2.722294 -3.764073   2.00000000e-06  -2.72229400e+00  -4.07420300e+00   2.00000000e-06  -3.46482300e+00  -3.46482500e+00
panel t -1.839117  0.955943 -4.440026   2.00000000e-06   9.55943000e-01  -4.80584900e+00   2.00000000e-06   0.00000000e+00  -4.90000100e+00
panel t -1.839117 -0.955942 -4.440026 -1.875147  0.       -4.527011   2.00000000e-06   0.00000000e+00  -4.90000100e+00
panel t -1.559128  2.722294 -3.764073 -1.325929  3.464823 -3.201081   2.00000000e-06   3.46482300e+00  -3.46482500e+00
panel t -1.041775 -4.074202 -2.515073 -1.325929 -3.464823 -3.201081   2.00000000e-06  -3.46482300e+00  -3.46482500e+00
panel t   2.00000000e-06  -4.07420200e+00  -2.72229500e+00   2.00000000e-06  -3.46482300e+00  -3.46482500e+00  1.325933 -3.464823 -3.20108 
panel t   2.00000000e-06  -9.55942000e-01  -4.80584900e+00   2.00000000e-06   0.00000000e+00  -4.90000100e+00  1.875151  0.       -4.52701 
panel t   2.00000000e-06   3.46482300e+00  -3.46482500e+00  1.325933  3.464823 -3.20108   1.559132  2.722294 -3.764072
panel t   2.00000000e-06   2.72229400e+00  -4.07420300e+00  1.559132  2.722294 -3.764072  1.732414  1.875149 -4.182412
panel t   2.00000000e-06   4.80584800e+00  -9.55944000e-01  0.365826  4.805848 -0.883177  0.717591  4.527009 -1.732413
panel t   2.00000000e-06  -4.52701000e+00  -1.87515000e+00   2.00000000e-06  -4.07420200e+00  -2.72229500e+00  1.041779 -4.074202 -2.515073
panel t   2.00000000e-06  -1.87514800e+00  -4.52701100e+00   2.00000000e-06  -9.55942000e-01  -4.80584900e+00  1.839121 -0.955942 -4.440025
panel t   2.00000000e-06  -1.87514800e+00  -4.52701100e+00  1.732415 -1.875148 -4.182413  1.559132 -2.722294 -3.764072
panel t   2.00000000e-06   9.55943000e-01  -4.80584900e+00   2.00000000e-06   1.87514900e+00  -4.52701000e+00  1.732414  1.875149 -4.182412
panel t   2.00000000e-06   4.52700900e+00  -1.87515100e+00  0.717591  4.527009 -1.732413  1.04178   4.074201 -2.515073
panel t   2.00000000e-06  -4.52701000e+00  -1.87515000e+00  0.717591 -4.52701  -1.732412  0.365825 -4.805848 -0.883176
panel t   2.00000000e-06  -3.46482300e+00  -3.46482500e+00   2.00000000e-06  -2.72229400e+00  -4.07420300e+00  1.559132 -2.722294 -3.764072
panel t   2.00000000e-06   9.55943000e-01  -4.80584900e+00  1.839121  0.955943 -4.440025  1.875151  0.       -4.52701 
panel t   2.00000000e-06   3.46482300e+00  -3.46482500e+00   2.00000000e-06   4.07420100e+00  -2.72229600e+00  1.04178   4.074201 -2.515073
panel t  1.839121  0.955943 -4.440025  3.398251  0.955943 -3.398248  3.464826  0.       -3.464823
panel t  1.04178   4.074201 -2.515073  1.924956  4.074201 -1.924953  2.450003  3.464823 -2.450001
panel t  1.325933 -3.464823 -3.20108   1.559132 -2.722294 -3.764072  2.880898 -2.722294 -2.880896
panel t  1.041779 -4.074202 -2.515073  1.325933 -3.464823 -3.20108   2.450003 -3.464823 -2.450001
panel t  1.839121 -0.955942 -4.440025  1.875151  0.       -4.52701   3.464826  0.       -3.464823
panel t  1.325933  3.464823 -3.20108   2.450003  3.464823 -2.450001  2.880898  2.722294 -2.880896
panel t  1.041779 -4.074202 -2.515073  1.924955 -4.074202 -1.924953  1.325933 -4.52701  -1.325931
panel t  1.732415 -1.875148 -4.182413  1.839121 -0.955942 -4.440025  3.39825  -0.955942 -3.398248
panel t  1.559132  2.722294 -3.764072  2.880898  2.722294 -2.880896  3.201082  1.875149 -3.201079
panel t  0.365826  4.805848 -0.883177  0.675956  4.805848 -0.675954  1.325933  4.527009 -1.325931
panel t  1.04178   4.074201 -2.515073  0.717591  4.527009 -1.732413  1.325933  4.527009 -1.325931
panel t  0.365825 -4.805848 -0.883176  0.717591 -4.52701  -1.732412  1.325933 -4.52701  -1.325931
panel t  1.732415 -1.875148 -4.182413  3.201082 -1.875148 -3.20108   2.880898 -2.722294 -2.880896
panel t  1.839121  0.955943 -4.440025  1.732414  1.875149 -4.182412  3.201082  1.875149 -3.201079
panel t  1.325933 -4.52701  -1.325931  1.732414 -4.52701  -0.717588  0.883178 -4.805848 -0.365823
panel t  3.201082 -1.875148 -3.20108   4.182415 -1.875148 -1.732411  3.764074 -2.722294 -1.559129
panel t  3.398251  0.955943 -3.398248  3.201082  1.875149 -3.201079  4.182414  1.875149 -1.732411
panel t  1.924956  4.074201 -1.924953  1.325933  4.527009 -1.325931  1.732415  4.527009 -0.717589
panel t  2.880898 -2.722294 -2.880896  3.764074 -2.722294 -1.559129  3.201082 -3.464823 -1.32593 
panel t  3.398251  0.955943 -3.398248  4.440028  0.955943 -1.839118  4.527012  0.       -1.875149
panel t  1.924956  4.074201 -1.924953  2.515075  4.074201 -1.041777  3.201082  3.464823 -1.32593 
panel t  2.880898  2.722294 -2.880896  2.450003  3.464823 -2.450001  3.201082  3.464823 -1.32593 
panel t  1.924955 -4.074202 -1.924953  2.450003 -3.464823 -2.450001  3.201082 -3.464823 -1.32593 
panel t  3.39825  -0.955942 -3.398248  3.464826  0.       -3.464823  4.527012  0.       -1.875149
panel t  3.201082 -1.875148 -3.20108   3.39825  -0.955942 -3.398248  4.440027 -0.955942 -1.839118
panel t  2.880898  2.722294 -2.880896  3.764074  2.722294 -1.559129  4.182414  1.875149 -1.732411
panel t  0.675956  4.805848 -0.675954  0.883179  4.805848 -0.365824  1.732415  4.527009 -0.717589
panel t  1.924955 -4.074202 -1.924953  2.515074 -4.074202 -1.041777  1.732414 -4.52701  -0.717588
panel t  0.883179  4.805848 -0.365824  0.955946  4.805848  0.        1.875152  4.527009  0.      
panel t  1.732414 -4.52701  -0.717588  2.515074 -4.074202 -1.041777   2.72229600e+00  -4.07420200e+00   1.00000000e-06
panel t  4.182415 -1.875148 -1.732411  4.440027 -0.955942 -1.839118   4.80585100e+00  -9.55942000e-01   1.00000000e-06
panel t  3.764074  2.722294 -1.559129   4.07420400e+00   2.72229400e+00   1.00000000e-06   4.52701200e+00   1.87514900e+00   1.00000000e-06
panel t  4.440028  0.955943 -1.839118  4.182414  1.875149 -1.732411   4.52701200e+00   1.87514900e+00   1.00000000e-06
panel t  2.515075  4.074201 -1.041777  1.732415  4.527009 -0.717589  1.875152  4.527009  0.      
panel t  0.883178 -4.805848 -0.365823  1.732414 -4.52701  -0.717588  1.875151 -4.52701   0.      
panel t  4.182415 -1.875148 -1.732411   4.52701300e+00  -1.87514800e+00   1.00000000e-06   4.07420400e+00  -2.72229400e+00   1.00000000e-06
panel t  3.764074 -2.722294 -1.559129   4.07420400e+00  -2.72229400e+00   1.00000000e-06   3.46482600e+00  -3.46482300e+00   1.00000000e-06
panel t  4.440028  0.955943 -1.839118   4.80585100e+00   9.55943000e-01   1.00000000e-06   4.90000200e+00   0.00000000e+00   1.00000000e-06
panel t  2.515075  4.074201 -1.041777   2.72229700e+00   4.07420100e+00   1.00000000e-06   3.46482600e+00   3.46482300e+00   1.00000000e-06
panel t  2.515074 -4.074202 -1.041777  3.201082 -3.464823 -1.32593    3.46482600e+00  -3.46482300e+00   1.00000000e-06
panel t  4.440027 -0.955942 -1.839118  4.527012  0.       -1.875149   4.90000200e+00   0.00000000e+00   1.00000000e-06
panel t  3.764074  2.722294 -1.559129  3.201082  3.464823 -1.32593    3.46482600e+00   3.46482300e+00   1.00000000e-06
panel t   4.90000200e+00   0.00000000e+00   1.00000000e-06  4.527012  0.        1.87515   4.440027 -0.955942  1.83912 
panel t   4.07420400e+00   2.72229400e+00   1.00000000e-06   3.46482600e+00   3.46482300e+00   1.00000000e-06  3.201082  3.464823  1.325932
panel t   2.72229600e+00  -4.07420200e+00   1.00000000e-06   3.46482600e+00  -3.46482300e+00   1.00000000e-06  3.201082 -3.464823  1.325932
panel t  1.875151 -4.52701   0.         2.72229600e+00  -4.07420200e+00   1.00000000e-06  2.515074 -4.074202  1.041778
panel t   4.52701300e+00  -1.87514800e+00   1.00000000e-06   4.80585100e+00  -9.55942000e-01   1.00000000e-06  4.440027 -0.955942  1.83912 
panel t   4.07420400e+00   2.72229400e+00   1.00000000e-06  3.764073  2.722294  1.559131  4.182413  1.875149  1.732413
panel t  0.955946  4.805848  0.        0.883179  4.805848  0.365824  1.732414  4.527009  0.717589
panel t  0.955945 -4.805848  0.        1.875151 -4.52701   0.        1.732414 -4.52701   0.717589
panel t   4.52701300e+00  -1.87514800e+00   1.00000000e-06  4.182414 -1.875148  1.732414  3.764073 -2.722294  1.559131
panel t   4.80585100e+00   9.55943000e-01   1.00000000e-06   4.52701200e+00   1.87514900e+00   1.00000000e-06  4.182413  1.875149  1.732413
panel t   2.72229700e+00   4.07420100e+00   1.00000000e-06  1.875152  4.527009  0.        1.732414  4.527009  0.717589
panel t   2.72229700e+00   4.07420100e+00   1.00000000e-06  2.515074  4.074201  1.041778  3.201082  3.464823  1.325932
panel t   4.07420400e+00  -2.72229400e+00   1.00000000e-06  3.764073 -2.722294  1.559131  3.201082 -3.464823  1.325932
panel t   4.80585100e+00   9.55943000e-01   1.00000000e-06  4.440026  0.955943  1.83912   4.527012  0.        1.87515 
panel t  3.764073 -2.722294  1.559131  2.880897 -2.722294  2.880897  2.450002 -3.464823  2.450001
panel t  4.440026  0.955943  1.83912   3.398248  0.955943  3.398249  3.464825  0.        3.464825
panel t  2.515074  4.074201  1.041778  1.924955  4.074201  1.924954  2.450002  3.464823  2.450001
panel t  2.515074 -4.074202  1.041778  3.201082 -3.464823  1.325932  2.450002 -3.464823  2.450001
panel t  4.440027 -0.955942  1.83912   4.527012  0.        1.87515   3.464825  0.        3.464825
panel t  3.764073  2.722294  1.559131  3.201082  3.464823  1.325932  2.450002  3.464823  2.450001
panel t  3.764073  2.722294  1.559131  2.880897  2.722294  2.880897  3.20108   1.875149  3.20108 
panel t  1.732414  4.527009  0.717589  0.883179  4.805848  0.365824  0.675956  4.805848  0.675955
panel t  1.732414 -4.52701   0.717589  2.515074 -4.074202  1.041778  1.924954 -4.074202  1.924954
panel t  4.182414 -1.875148  1.732414  4.440027 -0.955942  1.83912   3.398249 -0.955942  3.398249
panel t  4.182414 -1.875148  1.732414  3.201081 -1.875148  3.201082  2.880897 -2.722294  2.880897
panel t  4.440026  0.955943  1.83912   4.182413  1.875149  1.732413  3.20108   1.875149  3.20108 
panel t  1.732414  4.527009  0.717589  1.325933  4.527009  1.325932  1.924955  4.074201  1.924954
panel t  0.883178 -4.805848  0.365824  1.732414 -4.52701   0.717589  1.325932 -4.52701   1.325931
panel t  1.325933  4.527009  1.325932  0.71759   4.527009  1.732413  1.041778  4.074201  2.515074
panel t  0.675955 -4.805848  0.675954  1.325932 -4.52701   1.325931  0.71759  -4.52701   1.732412
panel t  3.201081 -1.875148  3.201082  1.732412 -1.875148  4.182414  1.55913  -2.722294  3.764073
panel t  3.398248  0.955943  3.398249  3.20108   1.875149  3.20108   1.732412  1.875149  4.182412
panel t  3.398248  0.955943  3.398249  1.839118  0.955943  4.440026  1.875149  0.        4.527011
panel t  1.924955  4.074201  1.924954  1.041778  4.074201  2.515074  1.325931  3.464823  3.201081
panel t  2.880897 -2.722294  2.880897  1.55913  -2.722294  3.764073  1.325931 -3.464823  3.201081
panel t  1.924954 -4.074202  1.924954  2.450002 -3.464823  2.450001  1.325931 -3.464823  3.201081
panel t  3.398249 -0.955942  3.398249  3.464825  0.        3.464825  1.875149  0.        4.527011
panel t  2.880897  2.722294  2.880897  2.450002  3.464823  2.450001  1.325931  3.464823  3.201081
panel t  1.924954 -4.074202  1.924954  1.041778 -4.074202  2.515073  0.71759  -4.52701   1.732412
panel t  3.201081 -1.875148  3.201082  3.398249 -0.955942  3.398249  1.839119 -0.955942  4.440026
panel t  2.880897  2.722294  2.880897  1.55913   2.722294  3.764073  1.732412  1.875149  4.182412
panel t  0.675956  4.805848  0.675955  0.365825  4.805848  0.883177  0.71759   4.527009  1.732413
panel t  1.732412 -1.875148  4.182414  1.839119 -0.955942  4.440026  0.       -0.955942  4.805849
panel t  1.55913   2.722294  3.764073 -0.        2.722294  4.074202  0.        1.875149  4.527009
panel t  0.365825  4.805848  0.883177   1.00000000e-06   4.80584800e+00   9.55944000e-01   1.00000000e-06   4.52700900e+00   1.87515000e+00
panel t  1.041778 -4.074202  2.515073  0.       -4.074202  2.722295   1.00000000e-06  -4.52701000e+00   1.87514900e+00
panel t  0.365825 -4.805848  0.883176  0.71759  -4.52701   1.732412   1.00000000e-06  -4.52701000e+00   1.87514900e+00
panel t  1.732412 -1.875148  4.182414 -0.       -1.875148  4.527011 -0.       -2.722294  4.074202
panel t  1.839118  0.955943  4.440026  1.732412  1.875149  4.182412  0.        1.875149  4.527009
panel t  0.71759   4.527009  1.732413   1.00000000e-06   4.52700900e+00   1.87515000e+00   1.00000000e-06   4.07420100e+00   2.72229600e+00
panel t  1.55913  -2.722294  3.764073 -0.       -2.722294  4.074202  0.       -3.464823  3.464824
panel t  1.839118  0.955943  4.440026  -1.00000000e-06   9.55943000e-01   4.80584900e+00  0.        0.        4.900001
panel t  1.041778  4.074201  2.515074   1.00000000e-06   4.07420100e+00   2.72229600e+00  0.        3.464823  3.464824
panel t  1.55913   2.722294  3.764073  1.325931  3.464823  3.201081  0.        3.464823  3.464824
panel t  1.041778 -4.074202  2.515073  1.325931 -3.464823  3.201081  0.       -3.464823  3.464824
panel t  1.839119 -0.955942  4.440026  1.875149  0.        4.527011  0.        0.        4.900001
panel t  0.       -4.074202  2.722295  0.       -3.464823  3.464824 -1.32593  -3.464823  3.20108 
panel t  0.       -0.955942  4.805849  0.        0.        4.900001 -1.875149  0.        4.527009
panel t -0.        2.722294  4.074202  0.        3.464823  3.464824 -1.32593   3.464823  3.20108 
panel t   1.00000000e-06   4.52700900e+00   1.87515000e+00   1.00000000e-06   4.80584800e+00   9.55944000e-01 -0.365823  4.805848  0.883177
panel t  0.       -4.074202  2.722295 -1.041777 -4.074202  2.515072 -0.717588 -4.52701   1.732412
panel t -0.       -1.875148  4.527011  0.       -0.955942  4.805849 -1.839118 -0.955942  4.440024
panel t -0.        2.722294  4.074202 -1.55913   2.722294  3.764071 -1.732411  1.875149  4.182411
panel t  -1.00000000e-06   9.55943000e-01   4.80584900e+00  0.        1.875149  4.527009 -1.732411  1.875149  4.182411
panel t   1.00000000e-06   4.07420100e+00   2.72229600e+00   1.00000000e-06   4.52700900e+00   1.87515000e+00 -0.717588  4.527009  1.732413
panel t   1.00000000e-06  -4.80584800e+00   9.55943000e-01   1.00000000e-06  -4.52701000e+00   1.87514900e+00 -0.717588 -4.52701   1.732412
panel t -0.       -1.875148  4.527011 -1.732412 -1.875148  4.182412 -1.55913  -2.722294  3.764071
panel t -0.       -2.722294  4.074202 -1.55913  -2.722294  3.764071 -1.32593  -3.464823  3.20108 
panel t  -1.00000000e-06   9.55943000e-01   4.80584900e+00 -1.839119  0.955943  4.440024 -1.875149  0.        4.527009
panel t   1.00000000e-06   4.07420100e+00   2.72229600e+00 -1.041777  4.074201  2.515073 -1.32593   3.464823  3.20108 
panel t -1.041777  4.074201  2.515073 -1.924953  4.074201  1.924953 -2.45      3.464823  2.45    
panel t -1.55913  -2.722294  3.764071 -2.880896 -2.722294  2.880895 -2.45     -3.464823  2.45    
panel t -1.839119  0.955943  4.440024 -3.398248  0.955943  3.398247 -3.464823  0.        3.464822
panel t -1.839118 -0.955942  4.440024 -1.875149  0.        4.527009 -3.464823  0.        3.464822
panel t -1.55913   2.722294  3.764071 -1.32593   3.464823  3.20108  -2.45      3.464823  2.45    
panel t -1.041777 -4.074202  2.515072 -1.32593  -3.464823  3.20108  -2.45     -3.464823  2.45    
panel t -1.041777 -4.074202  2.515072 -1.924952 -4.074202  1.924952 -1.32593 -4.52701  1.32593
panel t -1.732412 -1.875148  4.182412 -1.839118 -0.955942  4.440024 -3.398248 -0.955942  3.398247
panel t -1.55913   2.722294  3.764071 -2.880896  2.722294  2.880895 -3.201079  1.875149  3.201078
panel t -0.717588  4.527009  1.732413 -0.365823  4.805848  0.883177 -0.675953  4.805848  0.675954
panel t -0.365822 -4.805848  0.883176 -0.717588 -4.52701   1.732412 -1.32593 -4.52701  1.32593
panel t -1.732412 -1.875148  4.182412 -3.20108  -1.875148  3.201078 -2.880896 -2.722294  2.880895
panel t -1.839119  0.955943  4.440024 -1.732411  1.875149  4.182411 -3.201079  1.875149  3.201078
panel t -0.717588  4.527009  1.732413 -1.32593   4.527009  1.325931 -1.924953  4.074201  1.924953
panel t -3.20108  -1.875148  3.201078 -4.182412 -1.875148  1.73241  -3.764071 -2.722294  1.559128
panel t -3.398248  0.955943  3.398247 -3.201079  1.875149  3.201078 -4.18241   1.875149  1.73241 
panel t -1.32593   4.527009  1.325931 -1.732412  4.527009  0.717588 -2.515072  4.074201  1.041776
panel t -0.675952 -4.805848  0.675953 -1.32593 -4.52701  1.32593 -1.732411 -4.52701   0.717588
panel t -2.880896 -2.722294  2.880895 -3.764071 -2.722294  1.559128 -3.201079 -3.464823  1.325929
panel t -3.398248  0.955943  3.398247 -4.440024  0.955943  1.839116 -4.527009  0.        1.875147
panel t -1.924953  4.074201  1.924953 -2.515072  4.074201  1.041776 -3.201079  3.464823  1.325929
panel t -1.924952 -4.074202  1.924952 -2.45     -3.464823  2.45     -3.201079 -3.464823  1.325929
panel t -3.398248 -0.955942  3.398247 -3.464823  0.        3.464822 -4.527009  0.        1.875147
panel t -2.880896  2.722294  2.880895 -2.45      3.464823  2.45     -3.201079  3.464823  1.325929
panel t -2.880896  2.722294  2.880895 -3.764071  2.722294  1.559128 -4.18241   1.875149  1.73241 
panel t -0.675953  4.805848  0.675954 -0.883176  4.805848  0.365824 -1.732412  4.527009  0.717588
panel t -1.924952 -4.074202  1.924952 -2.515071 -4.074202  1.041776 -1.732411 -4.52701   0.717588
panel t -3.20108  -1.875148  3.201078 -3.398248 -0.955942  3.398247 -4.440024 -0.955942  1.839117
panel t   2.00000000e-06  -4.90000000e+00   0.00000000e+00 -0.955941 -4.805848  0.       -0.883175 -4.805848 -0.365824
panel t -0.955943  4.805848  0.         0.00000000e+00   4.90000000e+00   1.00000000e-06 -0.883176  4.805848 -0.365824
panel t   2.00000000e-06  -4.90000000e+00   0.00000000e+00 -0.883175 -4.805848 -0.365824 -0.675952 -4.805848 -0.675954
panel t -0.883176  4.805848 -0.365824   0.00000000e+00   4.90000000e+00   1.00000000e-06 -0.675953  4.805848 -0.675955
panel t   2.00000000e-06  -4.90000000e+00   0.00000000e+00 -0.675952 -4.805848 -0.675954 -0.365822 -4.805848 -0.883176
panel t -0.675953  4.805848 -0.675955   0.00000000e+00   4.90000000e+00   1.00000000e-06 -0.365822  4.805848 -0.883177
panel t   2.00000000e-06  -4.90000000e+00   0.00000000e+00 -0.365822 -4.805848 -0.883176   2.00000000e-06  -4.80584800e+00  -9.55943000e-01
panel t -0.365822  4.805848 -0.883177   0.00000000e+00   4.90000000e+00   1.00000000e-06   2.00000000e-06   4.80584800e+00  -9.55944000e-01
panel t   2.00000000e-06   4.80584800e+00  -9.55944000e-01   0.00000000e+00   4.90000000e+00   1.00000000e-06  0.365826  4.805848 -0.883177
panel t   2.00000000e-06  -4.90000000e+00   0.00000000e+00   2.00000000e-06  -4.80584800e+00  -9.55943000e-01  0.365825 -4.805848 -0.883176
panel t   2.00000000e-06  -4.90000000e+00   0.00000000e+00  0.365825 -4.805848 -0.883176  0.675955 -4.805848 -0.675954
panel t  0.365826  4.805848 -0.883177   0.00000000e+00   4.90000000e+00   1.00000000e-06  0.675956  4.805848 -0.675954
panel t   2.00000000e-06  -4.90000000e+00   0.00000000e+00  0.675955 -4.805848 -0.675954  0.883178 -4.805848 -0.365823
panel t  0.675956  4.805848 -0.675954   0.00000000e+00   4.90000000e+00   1.00000000e-06  0.883179  4.805848 -0.365824
panel t   2.00000000e-06  -4.90000000e+00   0.00000000e+00  0.883178 -4.805848 -0.365823  0.955945 -4.805848  0.      
panel t  0.883179  4.805848 -0.365824   0.00000000e+00   4.90000000e+00   1.00000000e-06  0.955946  4.805848  0.      
panel t  0.955946  4.805848  0.         0.00000000e+00   4.90000000e+00   1.00000000e-06  0.883179  4.805848  0.365824
panel t   2.00000000e-06  -4.90000000e+00   0.00000000e+00  0.955945 -4.805848  0.        0.883178 -4.805848  0.365824
panel t   2.00000000e-06  -4.90000000e+00   0.00000000e+00  0.883178 -4.805848  0.365824  0.675955 -4.805848  0.675954
panel t  0.883179  4.805848  0.365824   0.00000000e+00   4.90000000e+00   1.00000000e-06  0.675956  4.805848  0.675955
panel t   2.00000000e-06  -4.90000000e+00   0.00000000e+00  0.675955 -4.805848  0.675954  0.365825 -4.805848  0.883176
panel t  0.675956  4.805848  0.675955   0.00000000e+00   4.90000000e+00   1.00000000e-06  0.365825  4.805848  0.883177
panel t   2.00000000e-06  -4.90000000e+00   0.00000000e+00  0.365825 -4.805848  0.883176   1.00000000e-06  -4.80584800e+00   9.55943000e-01
panel t  0.365825  4.805848  0.883177   0.00000000e+00   4.90000000e+00   1.00000000e-06   1.00000000e-06   4.80584800e+00   9.55944000e-01
panel t   1.00000000e-06   4.80584800e+00   9.55944000e-01   0.00000000e+00   4.90000000e+00   1.00000000e-06 -0.365823  4.805848  0.883177
panel t   2.00000000e-06  -4.90000000e+00   0.00000000e+00   1.00000000e-06  -4.80584800e+00   9.55943000e-01 -0.365822 -4.805848  0.883176
panel t   2.00000000e-06  -4.90000000e+00   0.00000000e+00 -0.365822 -4.805848  0.883176 -0.675952 -4.805848  0.675953
panel t -0.365823  4.805848  0.883177   0.00000000e+00   4.90000000e+00   1.00000000e-06 -0.675953  4.805848  0.675954
panel t   2.00000000e-06  -4.90000000e+00   0.00000000e+00 -0.675952 -4.805848  0.675953 -0.883175 -4.805848  0.365823
panel t -0.675953  4.805848  0.675954   0.00000000e+00   4.90000000e+00   1.00000000e-06 -0.883176  4.805848  0.365824
panel t -2.515071 -4.074202  1.041776 -2.722294 -4.074202  0.       -1.875148 -4.52701   0.      
panel t -4.182412 -1.875148  1.73241  -4.440024 -0.955942  1.839117 -4.805848 -0.955942  0.      
panel t -4.18241   1.875149  1.73241  -3.764071  2.722294  1.559128 -4.074202  2.722294  0.      
panel t -1.732412  4.527009  0.717588 -0.883176  4.805848  0.365824 -0.955943  4.805848  0.      
panel t -2.515072  4.074201  1.041776 -1.732412  4.527009  0.717588 -1.875149  4.527009  0.      
panel t -1.732411 -4.52701   0.717588 -1.875148 -4.52701   0.       -0.955941 -4.805848  0.      
panel t -4.182412 -1.875148  1.73241  -4.52701  -1.875148  0.       -4.074202 -2.722294  0.      
panel t -4.440024  0.955943  1.839116 -4.18241   1.875149  1.73241  -4.527009  1.875149  0.      
panel t -4.440024  0.955943  1.839116 -4.805848  0.955943  0.       -4.9  0.   0. 
panel t -3.201079  3.464823  1.325929 -2.515072  4.074201  1.041776 -2.722294  4.074201  0.      
panel t   2.00000000e-06  -4.90000000e+00   0.00000000e+00 -0.883175 -4.805848  0.365823 -0.955941 -4.805848  0.      
panel t -3.764071 -2.722294  1.559128 -4.074202 -2.722294  0.       -3.464823 -3.464823  0.      
panel t -3.201079 -3.464823  1.325929 -3.464823 -3.464823  0.       -2.722294 -4.074202  0.      
panel t -4.527009  0.        1.875147 -4.9  0.   0.  -4.805848 -0.955942  0.      
panel t -3.764071  2.722294  1.559128 -3.201079  3.464823  1.325929 -3.464823  3.464823  0.      
panel t -0.883176  4.805848  0.365824   0.00000000e+00   4.90000000e+00   1.00000000e-06 -0.955943  4.805848  0.      
panel t -3.464823 -3.464823  0.       -4.074202 -2.722294  0.       -3.201079 -3.464823 -1.325931
panel t -4.527009  0.       -1.87515  -4.9  0.   0.  -4.440024  0.955943 -1.839119
panel t -3.464823  3.464823  0.       -2.722294  4.074201  0.       -3.201079  3.464823 -1.325931
panel t -2.515071 -4.074202 -1.041777 -2.722294 -4.074202  0.       -3.201079 -3.464823 -1.325931
panel t -4.805848 -0.955942  0.       -4.9  0.   0.  -4.440024 -0.955942 -1.839119
panel t -4.074202  2.722294  0.       -3.464823  3.464823  0.       -3.764071  2.722294 -1.55913 
panel t -4.182411  1.875149 -1.732412 -4.527009  1.875149  0.       -3.764071  2.722294 -1.55913 
panel t -1.732412  4.527009 -0.717589 -1.875149  4.527009  0.       -0.883176  4.805848 -0.365824
panel t -1.732411 -4.52701  -0.717589 -1.875148 -4.52701   0.       -2.515071 -4.074202 -1.041777
panel t -4.182412 -1.875148 -1.732412 -4.52701  -1.875148  0.       -4.440024 -0.955942 -1.839119
panel t -3.764071 -2.722294 -1.55913  -4.074202 -2.722294  0.       -4.182412 -1.875148 -1.732412
panel t -4.805848  0.955943  0.       -4.527009  1.875149  0.       -4.440024  0.955943 -1.839119
panel t -2.722294  4.074201  0.       -1.875149  4.527009  0.       -2.515072  4.074201 -1.041778
panel t -0.955941 -4.805848  0.       -1.875148 -4.52701   0.       -0.883175 -4.805848 -0.365824
panel t -3.201079 -3.464823 -1.325931 -3.764071 -2.722294 -1.55913  -2.449999 -3.464823 -2.450001
panel t -4.527009  0.       -1.87515  -4.440024  0.955943 -1.839119 -3.464823  0.       -3.464824
panel t -3.201079  3.464823 -1.325931 -2.515072  4.074201 -1.041778 -2.449999  3.464823 -2.450001
panel t -2.880895  2.722294 -2.880897 -3.764071  2.722294 -1.55913  -2.449999  3.464823 -2.450001
panel t -2.515071 -4.074202 -1.041777 -3.201079 -3.464823 -1.325931 -1.924952 -4.074202 -1.924954
panel t -4.440024 -0.955942 -1.839119 -4.527009  0.       -1.87515  -3.398247 -0.955942 -3.398249
panel t -3.201079 -1.875148 -3.201081 -4.182412 -1.875148 -1.732412 -3.398247 -0.955942 -3.398249
panel t -3.201078  1.875149 -3.20108  -4.182411  1.875149 -1.732412 -2.880895  2.722294 -2.880897
panel t -1.732412  4.527009 -0.717589 -0.883176  4.805848 -0.365824 -1.32593   4.527009 -1.325932
panel t -1.732411 -4.52701  -0.717589 -2.515071 -4.074202 -1.041777 -1.325929 -4.52701  -1.325931
panel t -0.883175 -4.805848 -0.365824 -1.732411 -4.52701  -0.717589 -0.675952 -4.805848 -0.675954
panel t -3.764071 -2.722294 -1.55913  -4.182412 -1.875148 -1.732412 -2.880895 -2.722294 -2.880897
panel t -3.398247  0.955943 -3.398249 -4.440024  0.955943 -1.839119 -3.201078  1.875149 -3.20108 
panel t -2.515072  4.074201 -1.041778 -1.732412  4.527009 -0.717589 -1.924952  4.074201 -1.924954
panel t -1.839117  0.955943 -4.440026 -3.398247  0.955943 -3.398249 -1.73241   1.875149 -4.182413
panel t -1.924952  4.074201 -1.924954 -1.32593   4.527009 -1.325932 -1.041776  4.074201 -2.515074
panel t -0.365822 -4.805848 -0.883176 -0.675952 -4.805848 -0.675954 -0.717587 -4.52701  -1.732412
panel t -2.880895 -2.722294 -2.880897 -3.201079 -1.875148 -3.201081 -1.559128 -2.722294 -3.764073
panel t -1.325929 -3.464823 -3.201081 -2.449999 -3.464823 -2.450001 -1.559128 -2.722294 -3.764073
panel t -3.464823  0.       -3.464824 -3.398247  0.955943 -3.398249 -1.875147  0.       -4.527011
panel t -2.449999  3.464823 -2.450001 -1.924952  4.074201 -1.924954 -1.325929  3.464823 -3.201081
panel t -1.924952 -4.074202 -1.924954 -2.449999 -3.464823 -2.450001 -1.041775 -4.074202 -2.515073
panel t -1.839117 -0.955942 -4.440026 -3.398247 -0.955942 -3.398249 -1.875147  0.       -4.527011
panel t -2.880895  2.722294 -2.880897 -2.449999  3.464823 -2.450001 -1.559128  2.722294 -3.764073
panel t -0.717587  4.527009 -1.732413 -1.32593   4.527009 -1.325932 -0.365822  4.805848 -0.883177
panel t -0.717587 -4.52701  -1.732412 -1.325929 -4.52701  -1.325931 -1.041775 -4.074202 -2.515073
panel t -1.73241  -1.875148 -4.182414 -3.201079 -1.875148 -3.201081 -1.839117 -0.955942 -4.440026
panel t -3.201078  1.875149 -3.20108  -2.880895  2.722294 -2.880897 -1.73241   1.875149 -4.182413
panel t   2.00000000e-06  -4.52701000e+00  -1.87515000e+00 -0.717587 -4.52701  -1.732412   2.00000000e-06  -4.07420200e+00  -2.72229500e+00
panel t   2.00000000e-06  -1.87514800e+00  -4.52701100e+00 -1.73241  -1.875148 -4.182414   2.00000000e-06  -9.55942000e-01  -4.80584900e+00
panel t -1.73241   1.875149 -4.182413 -1.559128  2.722294 -3.764073   2.00000000e-06   1.87514900e+00  -4.52701000e+00
panel t -0.717587  4.527009 -1.732413 -0.365822  4.805848 -0.883177   2.00000000e-06   4.52700900e+00  -1.87515100e+00
panel t   2.00000000e-06  -4.80584800e+00  -9.55943000e-01 -0.365822 -4.805848 -0.883176   2.00000000e-06  -4.52701000e+00  -1.87515000e+00
panel t -1.559128 -2.722294 -3.764073 -1.73241  -1.875148 -4.182414   2.00000000e-06  -2.72229400e+00  -4.07420300e+00
panel t   2.00000000e-06   9.55943000e-01  -4.80584900e+00 -1.839117  0.955943 -4.440026   2.00000000e-06   1.87514900e+00  -4.52701000e+00
panel t -1.041776  4.074201 -2.515074 -0.717587  4.527009 -1.732413   2.00000000e-06   4.07420100e+00  -2.72229600e+00
panel t   2.00000000e-06   3.46482300e+00  -3.46482500e+00 -1.325929  3.464823 -3.201081   2.00000000e-06   4.07420100e+00  -2.72229600e+00
panel t -1.325929 -3.464823 -3.201081 -1.559128 -2.722294 -3.764073   2.00000000e-06  -3.46482300e+00  -3.46482500e+00
panel t -1.875147  0.       -4.527011 -1.839117  0.955943 -4.440026   2.00000000e-06   0.00000000e+00  -4.90000100e+00
panel t   2.00000000e-06  -9.55942000e-01  -4.80584900e+00 -1.839117 -0.955942 -4.440026   2.00000000e-06   0.00000000e+00  -4.90000100e+00
panel t   2.00000000e-06   2.72229400e+00  -4.07420300e+00 -1.559128  2.722294 -3.764073   2.00000000e-06   3.46482300e+00  -3.46482500e+00
panel t   2.00000000e-06  -4.07420200e+00  -2.72229500e+00 -1.041775 -4.074202 -2.515073   2.00000000e-06  -3.46482300e+00  -3.46482500e+00
panel t  1.041779 -4.074202 -2.515073   2.00000000e-06  -4.07420200e+00  -2.72229500e+00  1.325933 -3.464823 -3.20108 
panel t  1.839121 -0.955942 -4.440025   2.00000000e-06  -9.55942000e-01  -4.80584900e+00  1.875151  0.       -4.52701 
panel t   2.00000000e-06   2.72229400e+00  -4.07420300e+00   2.00000000e-06   3.46482300e+00  -3.46482500e+00  1.559132  2.722294 -3.764072
panel t   2.00000000e-06   1.87514900e+00  -4.52701000e+00   2.00000000e-06   2.72229400e+00  -4.07420300e+00  1.732414  1.875149 -4.182412
panel t   2.00000000e-06   4.52700900e+00  -1.87515100e+00   2.00000000e-06   4.80584800e+00  -9.55944000e-01  0.717591  4.527009 -1.732413
panel t  0.717591 -4.52701  -1.732412   2.00000000e-06  -4.52701000e+00  -1.87515000e+00  1.041779 -4.074202 -2.515073
panel t  1.732415 -1.875148 -4.182413   2.00000000e-06  -1.87514800e+00  -4.52701100e+00  1.839121 -0.955942 -4.440025
panel t   2.00000000e-06  -2.72229400e+00  -4.07420300e+00   2.00000000e-06  -1.87514800e+00  -4.52701100e+00  1.559132 -2.722294 -3.764072
panel t  1.839121  0.955943 -4.440025   2.00000000e-06   9.55943000e-01  -4.80584900e+00  1.732414  1.875149 -4.182412
panel t   2.00000000e-06   4.07420100e+00  -2.72229600e+00   2.00000000e-06   4.52700900e+00  -1.87515100e+00  1.04178   4.074201 -2.515073
panel t   2.00000000e-06  -4.80584800e+00  -9.55943000e-01   2.00000000e-06  -4.52701000e+00  -1.87515000e+00  0.365825 -4.805848 -0.883176
panel t  1.325933 -3.464823 -3.20108    2.00000000e-06  -3.46482300e+00  -3.46482500e+00  1.559132 -2.722294 -3.764072
panel t   2.00000000e-06   0.00000000e+00  -4.90000100e+00   2.00000000e-06   9.55943000e-01  -4.80584900e+00  1.875151  0.       -4.52701 
panel t  1.325933  3.464823 -3.20108    2.00000000e-06   3.46482300e+00  -3.46482500e+00  1.04178   4.074201 -2.515073
panel t  1.875151  0.       -4.52701   1.839121  0.955943 -4.440025  3.464826  0.       -3.464823
panel t  1.325933  3.464823 -3.20108   1.04178   4.074201 -2.515073  2.450003  3.464823 -2.450001
panel t  2.450003 -3.464823 -2.450001  1.325933 -3.464823 -3.20108   2.880898 -2.722294 -2.880896
panel t  1.924955 -4.074202 -1.924953  1.041779 -4.074202 -2.515073  2.450003 -3.464823 -2.450001
panel t  3.39825  -0.955942 -3.398248  1.839121 -0.955942 -4.440025  3.464826  0.       -3.464823
panel t  1.559132  2.722294 -3.764072  1.325933  3.464823 -3.20108   2.880898  2.722294 -2.880896
panel t  0.717591 -4.52701  -1.732412  1.041779 -4.074202 -2.515073  1.325933 -4.52701  -1.325931
panel t  3.201082 -1.875148 -3.20108   1.732415 -1.875148 -4.182413  3.39825  -0.955942 -3.398248
panel t  1.732414  1.875149 -4.182412  1.559132  2.722294 -3.764072  3.201082  1.875149 -3.201079
panel t  0.717591  4.527009 -1.732413  0.365826  4.805848 -0.883177  1.325933  4.527009 -1.325931
panel t  1.924956  4.074201 -1.924953  1.04178   4.074201 -2.515073  1.325933  4.527009 -1.325931
panel t  0.675955 -4.805848 -0.675954  0.365825 -4.805848 -0.883176  1.325933 -4.52701  -1.325931
panel t  1.559132 -2.722294 -3.764072  1.732415 -1.875148 -4.182413  2.880898 -2.722294 -2.880896
panel t  3.398251  0.955943 -3.398248  1.839121  0.955943 -4.440025  3.201082  1.875149 -3.201079
panel t  0.675955 -4.805848 -0.675954  1.325933 -4.52701  -1.325931  0.883178 -4.805848 -0.365823
panel t  2.880898 -2.722294 -2.880896  3.201082 -1.875148 -3.20108   3.764074 -2.722294 -1.559129
panel t  4.440028  0.955943 -1.839118  3.398251  0.955943 -3.398248  4.182414  1.875149 -1.732411
panel t  2.515075  4.074201 -1.041777  1.924956  4.074201 -1.924953  1.732415  4.527009 -0.717589
panel t  2.450003 -3.464823 -2.450001  2.880898 -2.722294 -2.880896  3.201082 -3.464823 -1.32593 
panel t  3.464826  0.       -3.464823  3.398251  0.955943 -3.398248  4.527012  0.       -1.875149
panel t  2.450003  3.464823 -2.450001  1.924956  4.074201 -1.924953  3.201082  3.464823 -1.32593 
panel t  3.764074  2.722294 -1.559129  2.880898  2.722294 -2.880896  3.201082  3.464823 -1.32593 
panel t  2.515074 -4.074202 -1.041777  1.924955 -4.074202 -1.924953  3.201082 -3.464823 -1.32593 
panel t  4.440027 -0.955942 -1.839118  3.39825  -0.955942 -3.398248  4.527012  0.       -1.875149
panel t  4.182415 -1.875148 -1.732411  3.201082 -1.875148 -3.20108   4.440027 -0.955942 -1.839118
panel t  3.201082  1.875149 -3.201079  2.880898  2.722294 -2.880896  4.182414  1.875149 -1.732411
panel t  1.325933  4.527009 -1.325931  0.675956  4.805848 -0.675954  1.732415  4.527009 -0.717589
panel t  1.325933 -4.52701  -1.325931  1.924955 -4.074202 -1.924953  1.732414 -4.52701  -0.717588
panel t  1.732415  4.527009 -0.717589  0.883179  4.805848 -0.365824  1.875152  4.527009  0.      
panel t  1.875151 -4.52701   0.        1.732414 -4.52701  -0.717588   2.72229600e+00  -4.07420200e+00   1.00000000e-06
panel t   4.52701300e+00  -1.87514800e+00   1.00000000e-06  4.182415 -1.875148 -1.732411   4.80585100e+00  -9.55942000e-01   1.00000000e-06
panel t  4.182414  1.875149 -1.732411  3.764074  2.722294 -1.559129   4.52701200e+00   1.87514900e+00   1.00000000e-06
panel t   4.80585100e+00   9.55943000e-01   1.00000000e-06  4.440028  0.955943 -1.839118   4.52701200e+00   1.87514900e+00   1.00000000e-06
panel t   2.72229700e+00   4.07420100e+00   1.00000000e-06  2.515075  4.074201 -1.041777  1.875152  4.527009  0.      
panel t  0.955945 -4.805848  0.        0.883178 -4.805848 -0.365823  1.875151 -4.52701   0.      
panel t  3.764074 -2.722294 -1.559129  4.182415 -1.875148 -1.732411   4.07420400e+00  -2.72229400e+00   1.00000000e-06
panel t  3.201082 -3.464823 -1.32593   3.764074 -2.722294 -1.559129   3.46482600e+00  -3.46482300e+00   1.00000000e-06
panel t  4.527012  0.       -1.875149  4.440028  0.955943 -1.839118   4.90000200e+00   0.00000000e+00   1.00000000e-06
panel t  3.201082  3.464823 -1.32593   2.515075  4.074201 -1.041777   3.46482600e+00   3.46482300e+00   1.00000000e-06
panel t   2.72229600e+00  -4.07420200e+00   1.00000000e-06  2.515074 -4.074202 -1.041777   3.46482600e+00  -3.46482300e+00   1.00000000e-06
panel t   4.80585100e+00  -9.55942000e-01   1.00000000e-06  4.440027 -0.955942 -1.839118   4.90000200e+00   0.00000000e+00   1.00000000e-06
panel t   4.07420400e+00   2.72229400e+00   1.00000000e-06  3.764074  2.722294 -1.559129   3.46482600e+00   3.46482300e+00   1.00000000e-06
panel t   4.80585100e+00  -9.55942000e-01   1.00000000e-06   4.90000200e+00   0.00000000e+00   1.00000000e-06  4.440027 -0.955942  1.83912 
panel t  3.764073  2.722294  1.559131   4.07420400e+00   2.72229400e+00   1.00000000e-06  3.201082  3.464823  1.325932
panel t  2.515074 -4.074202  1.041778   2.72229600e+00  -4.07420200e+00   1.00000000e-06  3.201082 -3.464823  1.325932
panel t  1.732414 -4.52701   0.717589  1.875151 -4.52701   0.        2.515074 -4.074202  1.041778
panel t  4.182414 -1.875148  1.732414   4.52701300e+00  -1.87514800e+00   1.00000000e-06  4.440027 -0.955942  1.83912 
panel t   4.52701200e+00   1.87514900e+00   1.00000000e-06   4.07420400e+00   2.72229400e+00   1.00000000e-06  4.182413  1.875149  1.732413
panel t  1.875152  4.527009  0.        0.955946  4.805848  0.        1.732414  4.527009  0.717589
panel t  0.883178 -4.805848  0.365824  0.955945 -4.805848  0.        1.732414 -4.52701   0.717589
panel t   4.07420400e+00  -2.72229400e+00   1.00000000e-06   4.52701300e+00  -1.87514800e+00   1.00000000e-06  3.764073 -2.722294  1.559131
panel t  4.440026  0.955943  1.83912    4.80585100e+00   9.55943000e-01   1.00000000e-06  4.182413  1.875149  1.732413
panel t  2.515074  4.074201  1.041778   2.72229700e+00   4.07420100e+00   1.00000000e-06  1.732414  4.527009  0.717589
panel t   3.46482600e+00   3.46482300e+00   1.00000000e-06   2.72229700e+00   4.07420100e+00   1.00000000e-06  3.201082  3.464823  1.325932
panel t   3.46482600e+00  -3.46482300e+00   1.00000000e-06   4.07420400e+00  -2.72229400e+00   1.00000000e-06  3.201082 -3.464823  1.325932
panel t   4.90000200e+00   0.00000000e+00   1.00000000e-06   4.80585100e+00   9.55943000e-01   1.00000000e-06  4.527012  0.        1.87515 
panel t  3.201082 -3.464823  1.325932  3.764073 -2.722294  1.559131  2.450002 -3.464823  2.450001
panel t  4.527012  0.        1.87515   4.440026  0.955943  1.83912   3.464825  0.        3.464825
panel t  3.201082  3.464823  1.325932  2.515074  4.074201  1.041778  2.450002  3.464823  2.450001
panel t  1.924954 -4.074202  1.924954  2.515074 -4.074202  1.041778  2.450002 -3.464823  2.450001
panel t  3.398249 -0.955942  3.398249  4.440027 -0.955942  1.83912   3.464825  0.        3.464825
panel t  2.880897  2.722294  2.880897  3.764073  2.722294  1.559131  2.450002  3.464823  2.450001
panel t  4.182413  1.875149  1.732413  3.764073  2.722294  1.559131  3.20108   1.875149  3.20108 
panel t  1.325933  4.527009  1.325932  1.732414  4.527009  0.717589  0.675956  4.805848  0.675955
panel t  1.325932 -4.52701   1.325931  1.732414 -4.52701   0.717589  1.924954 -4.074202  1.924954
panel t  3.201081 -1.875148  3.201082  4.182414 -1.875148  1.732414  3.398249 -0.955942  3.398249
panel t  3.764073 -2.722294  1.559131  4.182414 -1.875148  1.732414  2.880897 -2.722294  2.880897
panel t  3.398248  0.955943  3.398249  4.440026  0.955943  1.83912   3.20108   1.875149  3.20108 
panel t  2.515074  4.074201  1.041778  1.732414  4.527009  0.717589  1.924955  4.074201  1.924954
panel t  0.675955 -4.805848  0.675954  0.883178 -4.805848  0.365824  1.325932 -4.52701   1.325931
panel t  1.924955  4.074201  1.924954  1.325933  4.527009  1.325932  1.041778  4.074201  2.515074
panel t  0.365825 -4.805848  0.883176  0.675955 -4.805848  0.675954  0.71759  -4.52701   1.732412
panel t  2.880897 -2.722294  2.880897  3.201081 -1.875148  3.201082  1.55913  -2.722294  3.764073
panel t  1.839118  0.955943  4.440026  3.398248  0.955943  3.398249  1.732412  1.875149  4.182412
panel t  3.464825  0.        3.464825  3.398248  0.955943  3.398249  1.875149  0.        4.527011
panel t  2.450002  3.464823  2.450001  1.924955  4.074201  1.924954  1.325931  3.464823  3.201081
panel t  2.450002 -3.464823  2.450001  2.880897 -2.722294  2.880897  1.325931 -3.464823  3.201081
panel t  1.041778 -4.074202  2.515073  1.924954 -4.074202  1.924954  1.325931 -3.464823  3.201081
panel t  1.839119 -0.955942  4.440026  3.398249 -0.955942  3.398249  1.875149  0.        4.527011
panel t  1.55913   2.722294  3.764073  2.880897  2.722294  2.880897  1.325931  3.464823  3.201081
panel t  1.325932 -4.52701   1.325931  1.924954 -4.074202  1.924954  0.71759  -4.52701   1.732412
panel t  1.732412 -1.875148  4.182414  3.201081 -1.875148  3.201082  1.839119 -0.955942  4.440026
panel t  3.20108   1.875149  3.20108   2.880897  2.722294  2.880897  1.732412  1.875149  4.182412
panel t  1.325933  4.527009  1.325932  0.675956  4.805848  0.675955  0.71759   4.527009  1.732413
panel t -0.       -1.875148  4.527011  1.732412 -1.875148  4.182414  0.       -0.955942  4.805849
panel t  1.732412  1.875149  4.182412  1.55913   2.722294  3.764073  0.        1.875149  4.527009
panel t  0.71759   4.527009  1.732413  0.365825  4.805848  0.883177   1.00000000e-06   4.52700900e+00   1.87515000e+00
panel t  0.71759  -4.52701   1.732412  1.041778 -4.074202  2.515073   1.00000000e-06  -4.52701000e+00   1.87514900e+00
panel t   1.00000000e-06  -4.80584800e+00   9.55943000e-01  0.365825 -4.805848  0.883176   1.00000000e-06  -4.52701000e+00   1.87514900e+00
panel t  1.55913  -2.722294  3.764073  1.732412 -1.875148  4.182414 -0.       -2.722294  4.074202
panel t  -1.00000000e-06   9.55943000e-01   4.80584900e+00  1.839118  0.955943  4.440026  0.        1.875149  4.527009
panel t  1.041778  4.074201  2.515074  0.71759   4.527009  1.732413   1.00000000e-06   4.07420100e+00   2.72229600e+00
panel t  1.325931 -3.464823  3.201081  1.55913  -2.722294  3.764073  0.       -3.464823  3.464824
panel t  1.875149  0.        4.527011  1.839118  0.955943  4.440026  0.        0.        4.900001
panel t  1.325931  3.464823  3.201081  1.041778  4.074201  2.515074  0.        3.464823  3.464824
panel t -0.        2.722294  4.074202  1.55913   2.722294  3.764073  0.        3.464823  3.464824
panel t  0.       -4.074202  2.722295  1.041778 -4.074202  2.515073  0.       -3.464823  3.464824
panel t  0.       -0.955942  4.805849  1.839119 -0.955942  4.440026  0.        0.        4.900001
panel t -1.041777 -4.074202  2.515072  0.       -4.074202  2.722295 -1.32593  -3.464823  3.20108 
panel t -1.839118 -0.955942  4.440024  0.       -0.955942  4.805849 -1.875149  0.        4.527009
panel t -1.55913   2.722294  3.764071 -0.        2.722294  4.074202 -1.32593   3.464823  3.20108 
panel t -0.717588  4.527009  1.732413   1.00000000e-06   4.52700900e+00   1.87515000e+00 -0.365823  4.805848  0.883177
panel t   1.00000000e-06  -4.52701000e+00   1.87514900e+00  0.       -4.074202  2.722295 -0.717588 -4.52701   1.732412
panel t -1.732412 -1.875148  4.182412 -0.       -1.875148  4.527011 -1.839118 -0.955942  4.440024
panel t  0.        1.875149  4.527009 -0.        2.722294  4.074202 -1.732411  1.875149  4.182411
panel t -1.839119  0.955943  4.440024  -1.00000000e-06   9.55943000e-01   4.80584900e+00 -1.732411  1.875149  4.182411
panel t -1.041777  4.074201  2.515073   1.00000000e-06   4.07420100e+00   2.72229600e+00 -0.717588  4.527009  1.732413
panel t -0.365822 -4.805848  0.883176   1.00000000e-06  -4.80584800e+00   9.55943000e-01 -0.717588 -4.52701   1.732412
panel t -0.       -2.722294  4.074202 -0.       -1.875148  4.527011 -1.55913  -2.722294  3.764071
panel t  0.       -3.464823  3.464824 -0.       -2.722294  4.074202 -1.32593  -3.464823  3.20108 
panel t  0.        0.        4.900001  -1.00000000e-06   9.55943000e-01   4.80584900e+00 -1.875149  0.        4.527009
panel t  0.        3.464823  3.464824   1.00000000e-06   4.07420100e+00   2.72229600e+00 -1.32593   3.464823  3.20108 
panel t -1.32593   3.464823  3.20108  -1.041777  4.074201  2.515073 -2.45      3.464823  2.45    
panel t -1.32593  -3.464823  3.20108  -1.55913  -2.722294  3.764071 -2.45     -3.464823  2.45    
panel t -1.875149  0.        4.527009 -1.839119  0.955943  4.440024 -3.464823  0.        3.464822
panel t -3.398248 -0.955942  3.398247 -1.839118 -0.955942  4.440024 -3.464823  0.        3.464822
panel t -2.880896  2.722294  2.880895 -1.55913   2.722294  3.764071 -2.45      3.464823  2.45    
panel t -1.924952 -4.074202  1.924952 -1.041777 -4.074202  2.515072 -2.45     -3.464823  2.45    
panel t -0.717588 -4.52701   1.732412 -1.041777 -4.074202  2.515072 -1.32593 -4.52701  1.32593
panel t -3.20108  -1.875148  3.201078 -1.732412 -1.875148  4.182412 -3.398248 -0.955942  3.398247
panel t -1.732411  1.875149  4.182411 -1.55913   2.722294  3.764071 -3.201079  1.875149  3.201078
panel t -1.32593   4.527009  1.325931 -0.717588  4.527009  1.732413 -0.675953  4.805848  0.675954
panel t -0.675952 -4.805848  0.675953 -0.365822 -4.805848  0.883176 -1.32593 -4.52701  1.32593
panel t -1.55913  -2.722294  3.764071 -1.732412 -1.875148  4.182412 -2.880896 -2.722294  2.880895
panel t -3.398248  0.955943  3.398247 -1.839119  0.955943  4.440024 -3.201079  1.875149  3.201078
panel t -1.041777  4.074201  2.515073 -0.717588  4.527009  1.732413 -1.924953  4.074201  1.924953
panel t -2.880896 -2.722294  2.880895 -3.20108  -1.875148  3.201078 -3.764071 -2.722294  1.559128
panel t -4.440024  0.955943  1.839116 -3.398248  0.955943  3.398247 -4.18241   1.875149  1.73241 
panel t -1.924953  4.074201  1.924953 -1.32593   4.527009  1.325931 -2.515072  4.074201  1.041776
panel t -0.883175 -4.805848  0.365823 -0.675952 -4.805848  0.675953 -1.732411 -4.52701   0.717588
panel t -2.45     -3.464823  2.45     -2.880896 -2.722294  2.880895 -3.201079 -3.464823  1.325929
panel t -3.464823  0.        3.464822 -3.398248  0.955943  3.398247 -4.527009  0.        1.875147
panel t -2.45      3.464823  2.45     -1.924953  4.074201  1.924953 -3.201079  3.464823  1.325929
panel t -2.515071 -4.074202  1.041776 -1.924952 -4.074202  1.924952 -3.201079 -3.464823  1.325929
panel t -4.440024 -0.955942  1.839117 -3.398248 -0.955942  3.398247 -4.527009  0.        1.875147
panel t -3.764071  2.722294  1.559128 -2.880896  2.722294  2.880895 -3.201079  3.464823  1.325929
panel t -3.201079  1.875149  3.201078 -2.880896  2.722294  2.880895 -4.18241   1.875149  1.73241 
panel t -1.32593   4.527009  1.325931 -0.675953  4.805848  0.675954 -1.732412  4.527009  0.717588
panel t -1.32593 -4.52701  1.32593 -1.924952 -4.074202  1.924952 -1.732411 -4.52701   0.717588
panel t -4.182412 -1.875148  1.73241  -3.20108  -1.875148  3.201078 -4.440024 -0.955942  1.839117
panel t -1.732411 -4.52701   0.717588 -2.515071 -4.074202  1.041776 -1.875148 -4.52701   0.      
panel t -4.52701  -1.875148  0.       -4.182412 -1.875148  1.73241  -4.805848 -0.955942  0.      
panel t -4.527009  1.875149  0.       -4.18241   1.875149  1.73241  -4.074202  2.722294  0.      
panel t -1.875149  4.527009  0.       -1.732412  4.527009  0.717588 -0.955943  4.805848  0.      
panel t -2.722294  4.074201  0.       -2.515072  4.074201  1.041776 -1.875149  4.527009  0.      
panel t -0.883175 -4.805848  0.365823 -1.732411 -4.52701   0.717588 -0.955941 -4.805848  0.      
panel t -3.764071 -2.722294  1.559128 -4.182412 -1.875148  1.73241  -4.074202 -2.722294  0.      
panel t -4.805848  0.955943  0.       -4.440024  0.955943  1.839116 -4.527009  1.875149  0.      
panel t -4.527009  0.        1.875147 -4.440024  0.955943  1.839116 -4.9  0.   0. 
panel t -3.464823  3.464823  0.       -3.201079  3.464823  1.325929 -2.722294  4.074201  0.      
panel t -3.201079 -3.464823  1.325929 -3.764071 -2.722294  1.559128 -3.464823 -3.464823  0.      
panel t -2.515071 -4.074202  1.041776 -3.201079 -3.464823  1.325929 -2.722294 -4.074202  0.      
panel t -4.440024 -0.955942  1.839117 -4.527009  0.        1.875147 -4.805848 -0.955942  0.      
panel t -4.074202  2.722294  0.       -3.764071  2.722294  1.559128 -3.464823  3.464823  0.      

end_file
