panel t  -3.604794 -19.615705  -1.493157  -7.071065 -18.477591  -2.928934  -5.411957 -18.477591  -5.411963
panel t -13.06563  -14.142136  -5.411963  -9.999999 -14.142136 -10.000005  -7.856948 -16.629393  -7.856955
panel t -17.07107   -7.653666  -7.071071 -13.06563   -7.653666 -13.065636 -11.758757 -11.111403 -11.758762
panel t  -1.84775910e+01   2.00000000e-06  -7.65367100e+00  -1.41421370e+01   2.00000000e-06  -1.41421410e+01 -13.870399  -3.901804 -13.870403
panel t -10.265598 -16.629393  -4.252153  -7.856948 -16.629393  -7.856955  -5.411957 -18.477591  -5.411963
panel t -15.363556 -11.111403  -6.363796 -11.758757 -11.111403 -11.758762  -9.999999 -14.142136 -10.000005
panel t -18.122551  -3.901804  -7.506608 -13.870399  -3.901804 -13.870403 -13.06563   -7.653666 -13.065636
panel t  -5.411957 -18.477591  -5.411963  -2.928927 -18.477591  -7.071071  -1.49315  -19.615705  -3.604801
panel t  -7.856948 -16.629393  -7.856955  -9.999999 -14.142136 -10.000005  -5.411958 -14.142136 -13.065636
panel t -13.06563   -7.653666 -13.065636  -7.071065  -7.653666 -17.071077  -6.363791 -11.111403 -15.363564
panel t  -1.41421370e+01   2.00000000e-06  -1.41421410e+01  -7.65366700e+00   2.00000000e-06  -1.84776000e+01  -7.506603  -3.901804 -18.122557
panel t  -7.856948 -16.629393  -7.856955  -4.252147 -16.629393 -10.265606  -2.928927 -18.477591  -7.071071
panel t -11.758757 -11.111403 -11.758762  -6.363791 -11.111403 -15.363564  -5.411958 -14.142136 -13.065636
panel t -13.870399  -3.901804 -13.870403  -7.506603  -3.901804 -18.122557  -7.071065  -7.653666 -17.071077
panel t  -2.928927 -18.477591  -7.071071   7.00000000e-06  -1.84775910e+01  -7.65367200e+00   7.00000000e-06  -1.96157050e+01  -3.90180800e+00
panel t  -5.411958 -14.142136 -13.065636   6.00000000e-06  -1.41421360e+01  -1.41421430e+01   7.00000000e-06  -1.66293930e+01  -1.11114120e+01
panel t  -7.071065  -7.653666 -17.071077   8.00000000e-06  -7.65366600e+00  -1.84776020e+01   6.00000000e-06  -1.11114030e+01  -1.66294020e+01
panel t  -7.65366700e+00   2.00000000e-06  -1.84776000e+01   5.00000000e-06   2.00000000e-06  -2.00000110e+01   6.00000000e-06  -3.90180400e+00  -1.96157150e+01
panel t  -4.252147 -16.629393 -10.265606   7.00000000e-06  -1.66293930e+01  -1.11114120e+01   7.00000000e-06  -1.84775910e+01  -7.65367200e+00
panel t  -6.363791 -11.111403 -15.363564   6.00000000e-06  -1.11114030e+01  -1.66294020e+01   6.00000000e-06  -1.41421360e+01  -1.41421430e+01
panel t  -7.071065  -7.653666 -17.071077  -7.506603  -3.901804 -18.122557   6.00000000e-06  -3.90180400e+00  -1.96157150e+01
panel t   7.00000000e-06  -1.84775910e+01  -7.65367200e+00   2.928941 -18.477591  -7.071071   1.493164 -19.615705  -3.604801
panel t   6.00000000e-06  -1.41421360e+01  -1.41421430e+01   5.411971 -14.142136 -13.065638   4.252161 -16.629393 -10.265607
panel t   8.00000000e-06  -7.65366600e+00  -1.84776020e+01   7.07108   -7.653666 -17.071079   6.363804 -11.111403 -15.363565
panel t   6.00000000e-06  -3.90180400e+00  -1.96157150e+01   5.00000000e-06   2.00000000e-06  -2.00000110e+01   7.65367900e+00   2.00000000e-06  -1.84776020e+01
panel t   7.00000000e-06  -1.66293930e+01  -1.11114120e+01   4.252161 -16.629393 -10.265607   2.928941 -18.477591  -7.071071
panel t   6.00000000e-06  -1.11114030e+01  -1.66294020e+01   6.363804 -11.111403 -15.363565   5.411971 -14.142136 -13.065638
panel t   8.00000000e-06  -7.65366600e+00  -1.84776020e+01   6.00000000e-06  -3.90180400e+00  -1.96157150e+01   7.506617  -3.901804 -18.122559
panel t   2.928941 -18.477591  -7.071071   5.411971 -18.477591  -5.411963   2.759002 -19.615705  -2.758995
panel t   4.252161 -16.629393 -10.265607   5.411971 -14.142136 -13.065638  10.000011 -14.142136 -10.000006
panel t   7.07108   -7.653666 -17.071079  13.065645  -7.653666 -13.065639  11.758771 -11.111403 -11.758764
panel t   7.65367900e+00   2.00000000e-06  -1.84776020e+01   1.41421510e+01   2.00000000e-06  -1.41421450e+01  13.870413  -3.901804 -13.870406
panel t   4.252161 -16.629393 -10.265607   7.856963 -16.629393  -7.856956   5.411971 -18.477591  -5.411963
panel t   6.363804 -11.111403 -15.363565  11.758771 -11.111403 -11.758764  10.000011 -14.142136 -10.000006
panel t   7.07108   -7.653666 -17.071079   7.506617  -3.901804 -18.122559  13.870413  -3.901804 -13.870406
panel t   5.411971 -18.477591  -5.411963   7.071079 -18.477591  -2.928933   3.604808 -19.615705  -1.493157
panel t   7.856963 -16.629393  -7.856956  10.000011 -14.142136 -10.000006  13.065643 -14.142136  -5.411964
panel t  13.065645  -7.653666 -13.065639  17.071087  -7.653666  -7.071073  15.363571 -11.111403  -6.363797
panel t   1.41421510e+01   2.00000000e-06  -1.41421450e+01   1.84776100e+01   2.00000000e-06  -7.65367400e+00  18.122566  -3.901804  -7.506609
panel t   5.411971 -18.477591  -5.411963   7.856963 -16.629393  -7.856956  10.265614 -16.629393  -4.252153
panel t  11.758771 -11.111403 -11.758764  15.363571 -11.111403  -6.363797  13.065643 -14.142136  -5.411964
panel t  13.870413  -3.901804 -13.870406  18.122566  -3.901804  -7.506609  17.071087  -7.653666  -7.071073
panel t   7.071079 -18.477591  -2.928933   7.65368000e+00  -1.84775910e+01   1.00000000e-06   3.90181600e+00  -1.96157050e+01   1.00000000e-06
panel t  10.265614 -16.629393  -4.252153  13.065643 -14.142136  -5.411964   1.41421510e+01  -1.41421360e+01  -1.00000000e-06
panel t  17.071087  -7.653666  -7.071073  18.47761   -7.653666   0.        16.62941  -11.111403   0.      
panel t   1.84776100e+01   2.00000000e-06  -7.65367400e+00   2.00000190e+01   2.00000000e-06  -0.00000000e+00  19.615725  -3.901804   0.      
panel t   7.071079 -18.477591  -2.928933  10.265614 -16.629393  -4.252153  11.11142  -16.629393   0.      
panel t  15.363571 -11.111403  -6.363797  16.62941  -11.111403   0.         1.41421510e+01  -1.41421360e+01  -1.00000000e-06
panel t  17.071087  -7.653666  -7.071073  18.122566  -3.901804  -7.506609  19.615725  -3.901804   0.      
panel t   7.65368000e+00  -1.84775910e+01   1.00000000e-06   7.071078 -18.477591   2.928936   3.604808 -19.615705   1.493159
panel t   1.41421510e+01  -1.41421360e+01  -1.00000000e-06  13.065644 -14.142136   5.411964  10.265613 -16.629393   4.252154
panel t  18.47761   -7.653666   0.        17.071085  -7.653666   7.071074  15.363571 -11.111403   6.363798
panel t   2.00000190e+01   2.00000000e-06  -0.00000000e+00   1.84776100e+01   2.00000000e-06   7.65367400e+00  18.122566  -3.901804   7.506611
panel t   7.65368000e+00  -1.84775910e+01   1.00000000e-06  11.11142  -16.629393   0.        10.265613 -16.629393   4.252154
panel t  16.62941  -11.111403   0.        15.363571 -11.111403   6.363798  13.065644 -14.142136   5.411964
panel t  19.615725  -3.901804   0.        18.122566  -3.901804   7.506611  17.071085  -7.653666   7.071074
panel t   7.071078 -18.477591   2.928936   5.41197  -18.477591   5.411966   2.759002 -19.615705   2.758997
panel t  10.265613 -16.629393   4.252154  13.065644 -14.142136   5.411964  10.000011 -14.142136  10.000008
panel t  17.071085  -7.653666   7.071074  13.065643  -7.653666  13.065639  11.75877  -11.111403  11.758766
panel t  18.122566  -3.901804   7.506611   1.84776100e+01   2.00000000e-06   7.65367400e+00   1.41421510e+01   2.00000000e-06   1.41421460e+01
panel t   7.071078 -18.477591   2.928936  10.265613 -16.629393   4.252154   7.856961 -16.629393   7.856956
panel t  15.363571 -11.111403   6.363798  11.75877  -11.111403  11.758766  10.000011 -14.142136  10.000008
panel t  17.071085  -7.653666   7.071074  18.122566  -3.901804   7.506611  13.870413  -3.901804  13.870409
panel t   5.41197  -18.477591   5.411966   2.928939 -18.477591   7.071074   1.493164 -19.615705   3.604803
panel t  10.000011 -14.142136  10.000008   5.41197  -14.142136  13.065639   4.25216  -16.629393  10.265608
panel t  13.065643  -7.653666  13.065639   7.071078  -7.653666  17.071079   6.363802 -11.111403  15.363567
panel t  13.870413  -3.901804  13.870409   1.41421510e+01   2.00000000e-06   1.41421460e+01   7.65368000e+00   2.00000000e-06   1.84776040e+01
panel t   5.41197  -18.477591   5.411966   7.856961 -16.629393   7.856956   4.25216  -16.629393  10.265608
panel t  11.75877  -11.111403  11.758766   6.363802 -11.111403  15.363567   5.41197  -14.142136  13.065639
panel t  13.870413  -3.901804  13.870409   7.506616  -3.901804  18.122562   7.071078  -7.653666  17.071079
panel t   2.928939 -18.477591   7.071074   5.00000000e-06  -1.84775910e+01   7.65367500e+00   6.00000000e-06  -1.96157050e+01   3.90181100e+00
panel t   5.41197  -14.142136  13.065639   5.00000000e-06  -1.41421360e+01   1.41421460e+01   6.00000000e-06  -1.66293930e+01   1.11114140e+01
panel t   7.071078  -7.653666  17.071079   5.00000000e-06  -7.65366600e+00   1.84776040e+01   5.00000000e-06  -1.11114030e+01   1.66294060e+01
panel t   7.65368000e+00   2.00000000e-06   1.84776040e+01   5.00000000e-06   2.00000000e-06   2.00000170e+01   3.00000000e-06  -3.90180400e+00   1.96157230e+01
panel t   2.928939 -18.477591   7.071074   4.25216  -16.629393  10.265608   6.00000000e-06  -1.66293930e+01   1.11114140e+01
panel t   6.363802 -11.111403  15.363567   5.00000000e-06  -1.11114030e+01   1.66294060e+01   5.00000000e-06  -1.41421360e+01   1.41421460e+01
panel t   7.506616  -3.901804  18.122562   3.00000000e-06  -3.90180400e+00   1.96157230e+01   5.00000000e-06  -7.65366600e+00   1.84776040e+01
panel t   5.00000000e-06  -1.84775910e+01   7.65367500e+00  -2.92893  -18.477591   7.071073  -1.493153 -19.615705   3.604803
panel t   5.00000000e-06  -1.41421360e+01   1.41421460e+01  -5.41196  -14.142136  13.065639  -4.252149 -16.629393  10.265609
panel t   5.00000000e-06  -1.11114030e+01   1.66294060e+01   5.00000000e-06  -7.65366600e+00   1.84776040e+01  -7.071069  -7.653666  17.071079
panel t   3.00000000e-06  -3.90180400e+00   1.96157230e+01   5.00000000e-06   2.00000000e-06   2.00000170e+01  -7.65367000e+00   2.00000000e-06   1.84776080e+01
panel t   5.00000000e-06  -1.84775910e+01   7.65367500e+00   6.00000000e-06  -1.66293930e+01   1.11114140e+01  -4.252149 -16.629393  10.265609
panel t   5.00000000e-06  -1.11114030e+01   1.66294060e+01  -6.363793 -11.111403  15.363565  -5.41196  -14.142136  13.065639
panel t   3.00000000e-06  -3.90180400e+00   1.96157230e+01  -7.506608  -3.901804  18.122562  -7.071069  -7.653666  17.071079
panel t  -2.92893  -18.477591   7.071073  -5.411961 -18.477591   5.411964  -2.758991 -19.615705   2.758996
panel t  -5.41196  -14.142136  13.065639 -10.000004 -14.142136  10.000009  -7.856951 -16.629393   7.856956
panel t  -7.071069  -7.653666  17.071079 -13.065636  -7.653666  13.065639 -11.758761 -11.111403  11.758764
panel t  -7.65367000e+00   2.00000000e-06   1.84776080e+01  -1.41421430e+01   2.00000000e-06   1.41421490e+01 -13.870407  -3.901804  13.870409
panel t  -2.92893  -18.477591   7.071073  -4.252149 -16.629393  10.265609  -7.856951 -16.629393   7.856956
panel t  -6.363793 -11.111403  15.363565 -11.758761 -11.111403  11.758764 -10.000004 -14.142136  10.000009
panel t  -7.506608  -3.901804  18.122562 -13.870407  -3.901804  13.870409 -13.065636  -7.653666  13.065639
panel t  -2.758991 -19.615705   2.758996  -5.411961 -18.477591   5.411964  -7.071068 -18.477591   2.928934
panel t -10.000004 -14.142136  10.000009 -13.065638 -14.142136   5.411964 -10.265604 -16.629393   4.252154
panel t -13.065636  -7.653666  13.065639 -17.071077  -7.653666   7.071071 -15.363564 -11.111403   6.363796
panel t -13.870407  -3.901804  13.870409  -1.41421430e+01   2.00000000e-06   1.41421490e+01  -1.84776040e+01   2.00000000e-06   7.65367500e+00
panel t  -5.411961 -18.477591   5.411964  -7.856951 -16.629393   7.856956 -10.265604 -16.629393   4.252154
panel t -11.758761 -11.111403  11.758764 -15.363564 -11.111403   6.363796 -13.065638 -14.142136   5.411964
panel t -13.870407  -3.901804  13.870409 -18.122562  -3.901804   7.506609 -17.071077  -7.653666   7.071071
panel t -13.065638 -14.142136   5.411964  -1.41421450e+01  -1.41421360e+01  -2.00000000e-06  -1.11114110e+01  -1.66293930e+01  -1.00000000e-06
panel t -17.071077  -7.653666   7.071071  -1.84776020e+01  -7.65366600e+00  -4.00000000e-06  -1.66294020e+01  -1.11114030e+01  -3.00000000e-06
panel t -18.122562  -3.901804   7.506609  -1.84776040e+01   2.00000000e-06   7.65367500e+00  -2.00000170e+01   2.00000000e-06  -2.00000000e-06
panel t -15.363564 -11.111403   6.363796  -1.66294020e+01  -1.11114030e+01  -3.00000000e-06  -1.41421450e+01  -1.41421360e+01  -2.00000000e-06
panel t -18.122562  -3.901804   7.506609  -1.96157210e+01  -3.90180400e+00  -4.00000000e-06  -1.84776020e+01  -7.65366600e+00  -4.00000000e-06
panel t  -1.66294020e+01  -1.11114030e+01  -3.00000000e-06  -1.84776020e+01  -7.65366600e+00  -4.00000000e-06 -17.07107   -7.653666  -7.071071
panel t  -1.96157210e+01  -3.90180400e+00  -4.00000000e-06  -2.00000170e+01   2.00000000e-06  -2.00000000e-06  -1.84775910e+01   2.00000000e-06  -7.65367100e+00
panel t   7.00000000e-06  -2.00000000e+01   0.00000000e+00  -3.90180500e+00  -1.96157050e+01  -1.00000000e-06  -3.604794 -19.615705  -1.493157
panel t  -7.653666 -18.477591   0.        -1.11114110e+01  -1.66293930e+01  -1.00000000e-06 -10.265598 -16.629393  -4.252153
panel t  -1.41421450e+01  -1.41421360e+01  -2.00000000e-06  -1.66294020e+01  -1.11114030e+01  -3.00000000e-06 -15.363556 -11.111403  -6.363796
panel t  -1.96157210e+01  -3.90180400e+00  -4.00000000e-06 -18.122551  -3.901804  -7.506608 -17.07107   -7.653666  -7.071071
panel t  -3.90180500e+00  -1.96157050e+01  -1.00000000e-06  -7.653666 -18.477591   0.        -7.071065 -18.477591  -2.928934
panel t  -1.11114110e+01  -1.66293930e+01  -1.00000000e-06  -1.41421450e+01  -1.41421360e+01  -2.00000000e-06 -13.06563  -14.142136  -5.411963
panel t   7.00000000e-06  -2.00000000e+01   0.00000000e+00  -3.604794 -19.615705  -1.493157  -2.758988 -19.615705  -2.758995
panel t   7.00000000e-06  -2.00000000e+01   0.00000000e+00  -2.758988 -19.615705  -2.758995  -1.49315  -19.615705  -3.604801
panel t   7.00000000e-06  -2.00000000e+01   0.00000000e+00  -1.49315  -19.615705  -3.604801   7.00000000e-06  -1.96157050e+01  -3.90180800e+00
panel t   7.00000000e-06  -2.00000000e+01   0.00000000e+00   7.00000000e-06  -1.96157050e+01  -3.90180800e+00   1.493164 -19.615705  -3.604801
panel t   7.00000000e-06  -2.00000000e+01   0.00000000e+00   1.493164 -19.615705  -3.604801   2.759002 -19.615705  -2.758995
panel t   7.00000000e-06  -2.00000000e+01   0.00000000e+00   2.759002 -19.615705  -2.758995   3.604808 -19.615705  -1.493157
panel t   7.00000000e-06  -2.00000000e+01   0.00000000e+00   3.604808 -19.615705  -1.493157   3.90181600e+00  -1.96157050e+01   1.00000000e-06
panel t   7.00000000e-06  -2.00000000e+01   0.00000000e+00   3.90181600e+00  -1.96157050e+01   1.00000000e-06   3.604808 -19.615705   1.493159
panel t   7.00000000e-06  -2.00000000e+01   0.00000000e+00   3.604808 -19.615705   1.493159   2.759002 -19.615705   2.758997
panel t   7.00000000e-06  -2.00000000e+01   0.00000000e+00   2.759002 -19.615705   2.758997   1.493164 -19.615705   3.604803
panel t   7.00000000e-06  -2.00000000e+01   0.00000000e+00   1.493164 -19.615705   3.604803   6.00000000e-06  -1.96157050e+01   3.90181100e+00
panel t   7.00000000e-06  -2.00000000e+01   0.00000000e+00   6.00000000e-06  -1.96157050e+01   3.90181100e+00  -1.493153 -19.615705   3.604803
panel t   7.00000000e-06  -2.00000000e+01   0.00000000e+00  -1.493153 -19.615705   3.604803  -2.758991 -19.615705   2.758996
panel t   7.00000000e-06  -2.00000000e+01   0.00000000e+00  -2.758991 -19.615705   2.758996  -3.604797 -19.615705   1.493158
panel t  -3.604797 -19.615705   1.493158  -7.071068 -18.477591   2.928934  -7.653666 -18.477591   0.      
panel t   7.00000000e-06  -2.00000000e+01   0.00000000e+00  -3.604797 -19.615705   1.493158  -3.90180500e+00  -1.96157050e+01  -1.00000000e-06
panel t  -7.071068 -18.477591   2.928934 -10.265604 -16.629393   4.252154  -1.11114110e+01  -1.66293930e+01  -1.00000000e-06
panel t  -2.758988 -19.615705  -2.758995  -3.604794 -19.615705  -1.493157  -5.411957 -18.477591  -5.411963
panel t -10.265598 -16.629393  -4.252153 -13.06563  -14.142136  -5.411963  -7.856948 -16.629393  -7.856955
panel t -15.363556 -11.111403  -6.363796 -17.07107   -7.653666  -7.071071 -11.758757 -11.111403 -11.758762
panel t -18.122551  -3.901804  -7.506608  -1.84775910e+01   2.00000000e-06  -7.65367100e+00 -13.870399  -3.901804 -13.870403
panel t  -7.071065 -18.477591  -2.928934 -10.265598 -16.629393  -4.252153  -5.411957 -18.477591  -5.411963
panel t -13.06563  -14.142136  -5.411963 -15.363556 -11.111403  -6.363796  -9.999999 -14.142136 -10.000005
panel t -17.07107   -7.653666  -7.071071 -18.122551  -3.901804  -7.506608 -13.06563   -7.653666 -13.065636
panel t  -2.758988 -19.615705  -2.758995  -5.411957 -18.477591  -5.411963  -1.49315  -19.615705  -3.604801
panel t  -4.252147 -16.629393 -10.265606  -7.856948 -16.629393  -7.856955  -5.411958 -14.142136 -13.065636
panel t -11.758757 -11.111403 -11.758762 -13.06563   -7.653666 -13.065636  -6.363791 -11.111403 -15.363564
panel t -13.870399  -3.901804 -13.870403  -1.41421370e+01   2.00000000e-06  -1.41421410e+01  -7.506603  -3.901804 -18.122557
panel t  -5.411957 -18.477591  -5.411963  -7.856948 -16.629393  -7.856955  -2.928927 -18.477591  -7.071071
panel t  -9.999999 -14.142136 -10.000005 -11.758757 -11.111403 -11.758762  -5.411958 -14.142136 -13.065636
panel t -13.06563   -7.653666 -13.065636 -13.870399  -3.901804 -13.870403  -7.071065  -7.653666 -17.071077
panel t  -1.49315  -19.615705  -3.604801  -2.928927 -18.477591  -7.071071   7.00000000e-06  -1.96157050e+01  -3.90180800e+00
panel t  -4.252147 -16.629393 -10.265606  -5.411958 -14.142136 -13.065636   7.00000000e-06  -1.66293930e+01  -1.11114120e+01
panel t  -6.363791 -11.111403 -15.363564  -7.071065  -7.653666 -17.071077   6.00000000e-06  -1.11114030e+01  -1.66294020e+01
panel t  -7.506603  -3.901804 -18.122557  -7.65366700e+00   2.00000000e-06  -1.84776000e+01   6.00000000e-06  -3.90180400e+00  -1.96157150e+01
panel t  -2.928927 -18.477591  -7.071071  -4.252147 -16.629393 -10.265606   7.00000000e-06  -1.84775910e+01  -7.65367200e+00
panel t  -5.411958 -14.142136 -13.065636  -6.363791 -11.111403 -15.363564   6.00000000e-06  -1.41421360e+01  -1.41421430e+01
panel t   8.00000000e-06  -7.65366600e+00  -1.84776020e+01  -7.071065  -7.653666 -17.071077   6.00000000e-06  -3.90180400e+00  -1.96157150e+01
panel t   7.00000000e-06  -1.96157050e+01  -3.90180800e+00   7.00000000e-06  -1.84775910e+01  -7.65367200e+00   1.493164 -19.615705  -3.604801
panel t   7.00000000e-06  -1.66293930e+01  -1.11114120e+01   6.00000000e-06  -1.41421360e+01  -1.41421430e+01   4.252161 -16.629393 -10.265607
panel t   6.00000000e-06  -1.11114030e+01  -1.66294020e+01   8.00000000e-06  -7.65366600e+00  -1.84776020e+01   6.363804 -11.111403 -15.363565
panel t   7.506617  -3.901804 -18.122559   6.00000000e-06  -3.90180400e+00  -1.96157150e+01   7.65367900e+00   2.00000000e-06  -1.84776020e+01
panel t   7.00000000e-06  -1.84775910e+01  -7.65367200e+00   7.00000000e-06  -1.66293930e+01  -1.11114120e+01   2.928941 -18.477591  -7.071071
panel t   6.00000000e-06  -1.41421360e+01  -1.41421430e+01   6.00000000e-06  -1.11114030e+01  -1.66294020e+01   5.411971 -14.142136 -13.065638
panel t   7.07108   -7.653666 -17.071079   8.00000000e-06  -7.65366600e+00  -1.84776020e+01   7.506617  -3.901804 -18.122559
panel t   1.493164 -19.615705  -3.604801   2.928941 -18.477591  -7.071071   2.759002 -19.615705  -2.758995
panel t   7.856963 -16.629393  -7.856956   4.252161 -16.629393 -10.265607  10.000011 -14.142136 -10.000006
panel t   6.363804 -11.111403 -15.363565   7.07108   -7.653666 -17.071079  11.758771 -11.111403 -11.758764
panel t   7.506617  -3.901804 -18.122559   7.65367900e+00   2.00000000e-06  -1.84776020e+01  13.870413  -3.901804 -13.870406
panel t   2.928941 -18.477591  -7.071071   4.252161 -16.629393 -10.265607   5.411971 -18.477591  -5.411963
panel t   5.411971 -14.142136 -13.065638   6.363804 -11.111403 -15.363565  10.000011 -14.142136 -10.000006
panel t  13.065645  -7.653666 -13.065639   7.07108   -7.653666 -17.071079  13.870413  -3.901804 -13.870406
panel t   2.759002 -19.615705  -2.758995   5.411971 -18.477591  -5.411963   3.604808 -19.615705  -1.493157
panel t  10.265614 -16.629393  -4.252153   7.856963 -16.629393  -7.856956  13.065643 -14.142136  -5.411964
panel t  11.758771 -11.111403 -11.758764  13.065645  -7.653666 -13.065639  15.363571 -11.111403  -6.363797
panel t  13.870413  -3.901804 -13.870406   1.41421510e+01   2.00000000e-06  -1.41421450e+01  18.122566  -3.901804  -7.506609
panel t   7.071079 -18.477591  -2.928933   5.411971 -18.477591  -5.411963  10.265614 -16.629393  -4.252153
panel t  10.000011 -14.142136 -10.000006  11.758771 -11.111403 -11.758764  13.065643 -14.142136  -5.411964
panel t  13.065645  -7.653666 -13.065639  13.870413  -3.901804 -13.870406  17.071087  -7.653666  -7.071073
panel t   3.604808 -19.615705  -1.493157   7.071079 -18.477591  -2.928933   3.90181600e+00  -1.96157050e+01   1.00000000e-06
panel t  11.11142  -16.629393   0.        10.265614 -16.629393  -4.252153   1.41421510e+01  -1.41421360e+01  -1.00000000e-06
panel t  15.363571 -11.111403  -6.363797  17.071087  -7.653666  -7.071073  16.62941  -11.111403   0.      
panel t  18.122566  -3.901804  -7.506609   1.84776100e+01   2.00000000e-06  -7.65367400e+00  19.615725  -3.901804   0.      
panel t   7.65368000e+00  -1.84775910e+01   1.00000000e-06   7.071079 -18.477591  -2.928933  11.11142  -16.629393   0.      
panel t  13.065643 -14.142136  -5.411964  15.363571 -11.111403  -6.363797   1.41421510e+01  -1.41421360e+01  -1.00000000e-06
panel t  18.47761   -7.653666   0.        17.071087  -7.653666  -7.071073  19.615725  -3.901804   0.      
panel t   3.90181600e+00  -1.96157050e+01   1.00000000e-06   7.65368000e+00  -1.84775910e+01   1.00000000e-06   3.604808 -19.615705   1.493159
panel t  11.11142  -16.629393   0.         1.41421510e+01  -1.41421360e+01  -1.00000000e-06  10.265613 -16.629393   4.252154
panel t  16.62941  -11.111403   0.        18.47761   -7.653666   0.        15.363571 -11.111403   6.363798
panel t  19.615725  -3.901804   0.         2.00000190e+01   2.00000000e-06  -0.00000000e+00  18.122566  -3.901804   7.506611
panel t   7.071078 -18.477591   2.928936   7.65368000e+00  -1.84775910e+01   1.00000000e-06  10.265613 -16.629393   4.252154
panel t   1.41421510e+01  -1.41421360e+01  -1.00000000e-06  16.62941  -11.111403   0.        13.065644 -14.142136   5.411964
panel t  18.47761   -7.653666   0.        19.615725  -3.901804   0.        17.071085  -7.653666   7.071074
panel t   3.604808 -19.615705   1.493159   7.071078 -18.477591   2.928936   2.759002 -19.615705   2.758997
panel t   7.856961 -16.629393   7.856956  10.265613 -16.629393   4.252154  10.000011 -14.142136  10.000008
panel t  15.363571 -11.111403   6.363798  17.071085  -7.653666   7.071074  11.75877  -11.111403  11.758766
panel t  13.870413  -3.901804  13.870409  18.122566  -3.901804   7.506611   1.41421510e+01   2.00000000e-06   1.41421460e+01
panel t   5.41197  -18.477591   5.411966   7.071078 -18.477591   2.928936   7.856961 -16.629393   7.856956
panel t  13.065644 -14.142136   5.411964  15.363571 -11.111403   6.363798  10.000011 -14.142136  10.000008
panel t  13.065643  -7.653666  13.065639  17.071085  -7.653666   7.071074  13.870413  -3.901804  13.870409
panel t   2.759002 -19.615705   2.758997   5.41197  -18.477591   5.411966   1.493164 -19.615705   3.604803
panel t   7.856961 -16.629393   7.856956  10.000011 -14.142136  10.000008   4.25216  -16.629393  10.265608
panel t  11.75877  -11.111403  11.758766  13.065643  -7.653666  13.065639   6.363802 -11.111403  15.363567
panel t   7.506616  -3.901804  18.122562  13.870413  -3.901804  13.870409   7.65368000e+00   2.00000000e-06   1.84776040e+01
panel t   2.928939 -18.477591   7.071074   5.41197  -18.477591   5.411966   4.25216  -16.629393  10.265608
panel t  10.000011 -14.142136  10.000008  11.75877  -11.111403  11.758766   5.41197  -14.142136  13.065639
panel t  13.065643  -7.653666  13.065639  13.870413  -3.901804  13.870409   7.071078  -7.653666  17.071079
panel t   1.493164 -19.615705   3.604803   2.928939 -18.477591   7.071074   6.00000000e-06  -1.96157050e+01   3.90181100e+00
panel t   4.25216  -16.629393  10.265608   5.41197  -14.142136  13.065639   6.00000000e-06  -1.66293930e+01   1.11114140e+01
panel t   6.363802 -11.111403  15.363567   7.071078  -7.653666  17.071079   5.00000000e-06  -1.11114030e+01   1.66294060e+01
panel t   7.506616  -3.901804  18.122562   7.65368000e+00   2.00000000e-06   1.84776040e+01   3.00000000e-06  -3.90180400e+00   1.96157230e+01
panel t   5.00000000e-06  -1.84775910e+01   7.65367500e+00   2.928939 -18.477591   7.071074   6.00000000e-06  -1.66293930e+01   1.11114140e+01
panel t   5.41197  -14.142136  13.065639   6.363802 -11.111403  15.363567   5.00000000e-06  -1.41421360e+01   1.41421460e+01
panel t   7.071078  -7.653666  17.071079   7.506616  -3.901804  18.122562   5.00000000e-06  -7.65366600e+00   1.84776040e+01
panel t   6.00000000e-06  -1.96157050e+01   3.90181100e+00   5.00000000e-06  -1.84775910e+01   7.65367500e+00  -1.493153 -19.615705   3.604803
panel t   6.00000000e-06  -1.66293930e+01   1.11114140e+01   5.00000000e-06  -1.41421360e+01   1.41421460e+01  -4.252149 -16.629393  10.265609
panel t  -6.363793 -11.111403  15.363565   5.00000000e-06  -1.11114030e+01   1.66294060e+01  -7.071069  -7.653666  17.071079
panel t  -7.506608  -3.901804  18.122562   3.00000000e-06  -3.90180400e+00   1.96157230e+01  -7.65367000e+00   2.00000000e-06   1.84776080e+01
panel t  -2.92893  -18.477591   7.071073   5.00000000e-06  -1.84775910e+01   7.65367500e+00  -4.252149 -16.629393  10.265609
panel t   5.00000000e-06  -1.41421360e+01   1.41421460e+01   5.00000000e-06  -1.11114030e+01   1.66294060e+01  -5.41196  -14.142136  13.065639
panel t   5.00000000e-06  -7.65366600e+00   1.84776040e+01   3.00000000e-06  -3.90180400e+00   1.96157230e+01  -7.071069  -7.653666  17.071079
panel t  -1.493153 -19.615705   3.604803  -2.92893  -18.477591   7.071073  -2.758991 -19.615705   2.758996
panel t  -4.252149 -16.629393  10.265609  -5.41196  -14.142136  13.065639  -7.856951 -16.629393   7.856956
panel t  -6.363793 -11.111403  15.363565  -7.071069  -7.653666  17.071079 -11.758761 -11.111403  11.758764
panel t  -7.506608  -3.901804  18.122562  -7.65367000e+00   2.00000000e-06   1.84776080e+01 -13.870407  -3.901804  13.870409
panel t  -5.411961 -18.477591   5.411964  -2.92893  -18.477591   7.071073  -7.856951 -16.629393   7.856956
panel t  -5.41196  -14.142136  13.065639  -6.363793 -11.111403  15.363565 -10.000004 -14.142136  10.000009
panel t  -7.071069  -7.653666  17.071079  -7.506608  -3.901804  18.122562 -13.065636  -7.653666  13.065639
panel t  -3.604797 -19.615705   1.493158  -2.758991 -19.615705   2.758996  -7.071068 -18.477591   2.928934
panel t  -7.856951 -16.629393   7.856956 -10.000004 -14.142136  10.000009 -10.265604 -16.629393   4.252154
panel t -11.758761 -11.111403  11.758764 -13.065636  -7.653666  13.065639 -15.363564 -11.111403   6.363796
panel t -18.122562  -3.901804   7.506609 -13.870407  -3.901804  13.870409  -1.84776040e+01   2.00000000e-06   7.65367500e+00
panel t  -7.071068 -18.477591   2.928934  -5.411961 -18.477591   5.411964 -10.265604 -16.629393   4.252154
panel t -10.000004 -14.142136  10.000009 -11.758761 -11.111403  11.758764 -13.065638 -14.142136   5.411964
panel t -13.065636  -7.653666  13.065639 -13.870407  -3.901804  13.870409 -17.071077  -7.653666   7.071071
panel t -10.265604 -16.629393   4.252154 -13.065638 -14.142136   5.411964  -1.11114110e+01  -1.66293930e+01  -1.00000000e-06
panel t -15.363564 -11.111403   6.363796 -17.071077  -7.653666   7.071071  -1.66294020e+01  -1.11114030e+01  -3.00000000e-06
panel t  -1.96157210e+01  -3.90180400e+00  -4.00000000e-06 -18.122562  -3.901804   7.506609  -2.00000170e+01   2.00000000e-06  -2.00000000e-06
panel t -13.065638 -14.142136   5.411964 -15.363564 -11.111403   6.363796  -1.41421450e+01  -1.41421360e+01  -2.00000000e-06
panel t -17.071077  -7.653666   7.071071 -18.122562  -3.901804   7.506609  -1.84776020e+01  -7.65366600e+00  -4.00000000e-06
panel t -15.363556 -11.111403  -6.363796  -1.66294020e+01  -1.11114030e+01  -3.00000000e-06 -17.07107   -7.653666  -7.071071
panel t -18.122551  -3.901804  -7.506608  -1.96157210e+01  -3.90180400e+00  -4.00000000e-06  -1.84775910e+01   2.00000000e-06  -7.65367100e+00
panel t  -7.071065 -18.477591  -2.928934  -7.653666 -18.477591   0.       -10.265598 -16.629393  -4.252153
panel t -13.06563  -14.142136  -5.411963  -1.41421450e+01  -1.41421360e+01  -2.00000000e-06 -15.363556 -11.111403  -6.363796
panel t  -1.84776020e+01  -7.65366600e+00  -4.00000000e-06  -1.96157210e+01  -3.90180400e+00  -4.00000000e-06 -17.07107   -7.653666  -7.071071
panel t  -3.604794 -19.615705  -1.493157  -3.90180500e+00  -1.96157050e+01  -1.00000000e-06  -7.071065 -18.477591  -2.928934
panel t -10.265598 -16.629393  -4.252153  -1.11114110e+01  -1.66293930e+01  -1.00000000e-06 -13.06563  -14.142136  -5.411963
panel t  -3.90180500e+00  -1.96157050e+01  -1.00000000e-06  -3.604797 -19.615705   1.493158  -7.653666 -18.477591   0.      
panel t  -7.653666 -18.477591   0.        -7.071068 -18.477591   2.928934  -1.11114110e+01  -1.66293930e+01  -1.00000000e-06

end_file
