0 2000 500 0 500 0
0.001 4606 556 55 493 5
0.002 4914 528 99 485 11
0.003 5109 501 131 475 20
0.004 5167 482 156 460 39
0.005 5262 463 174 453 46
0.006 5330 447 181 443 53
0.007 5334 433 208 426 70
0.008 5347 414 224 417 78
0.009 5359 398 242 406 89
0.01 5362 379 267 397 99
0.011 5347 354 286 385 111
0.012 5320 338 304 369 127
0.013 5341 324 322 352 145
0.014 5303 308 330 337 159
0.015 5306 296 343 324 171
0.016 5293 282 357 309 185
0.017 5265 269 372 305 192
0.018 5263 262 379 283 215
0.019 5235 245 396 275 224
0.02 5229 235 403 262 236
0.021 5207 218 425 256 240
0.022 5188 204 434 247 251
0.023 5185 193 451 241 254
0.024 5167 185 458 231 266
0.025 5151 174 465 222 275
0.026 5151 164 478 225 272
0.027 5142 155 489 223 273
0.028 5133 148 497 216 282
0.029 5108 139 509 207 289
0.03 5126 129 512 207 288
0.031 5108 122 523 201 292
0.032 5081 114 527 195 302
0.033 5089 106 538 191 305
0.034 5080 95 552 194 302
0.035 5065 87 555 189 309
0.036 5051 82 562 179 317
0.037 5047 78 565 178 317
0.038 5045 74 572 178 318
0.039 5043 69 573 176 315
0.04 5023 60 589 168 325
0.041 5022 55 592 167 326
0.042 5019 49 596 173 322
0.043 5012 46 602 172 323
0.044 5017 42 605 161 334
0.045 4993 41 600 154 343
0.046 5004 39 605 155 344
0.047 5000 37 604 150 346
0.048 5009 35 608 155 341
0.049 5007 33 608 160 335
0.05 5009 30 616 158 339
0.051 4983 29 614 150 344
0.052 4987 28 617 150 345
0.053 4983 27 616 148 347
0.054 4989 25 620 151 344
0.055 4982 25 620 146 350
0.056 4976 23 625 143 350
0.057 4974 22 623 142 354
0.058 4977 22 624 153 345
0.059 4975 18 625 154 342
0.06 4974 15 631 150 345
0.061 4983 14 632 152 341
0.062 4972 15 628 150 345
0.063 4980 14 633 155 339
0.064 4989 13 633 154 339
0.065 4979 11 633 152 340
0.066 4983 11 633 150 345
0.067 4955 9 636 141 356
0.068 4955 9 638 135 361
0.069 4962 9 633 143 352
0.07 4972 8 634 144 354
0.071 4964 9 635 141 355
0.072 4963 9 632 145 352
0.073 4961 9 634 149 349
0.074 4973 9 638 148 349
0.075 4975 8 637 151 345
0.076 4961 8 639 144 352
0.077 4964 7 635 148 348
0.077 4964 7 635 148 348
