0 6000 150 0 0 0
0.001 1312 11 22 2 0
0.002 952 9 13 2 0
0.003 686 1 13 3 2
0.004 582 0 9 0 1
0.005 463 0 10 0 1
0.006 372 0 18 1 2
0.007 319 0 7 0 3
0.008 278 0 9 0 2
0.009 260 0 9 1 2
0.01 227 0 4 0 3
0.011 202 0 6 0 3
0.012 199 0 5 0 2
0.013 147 0 2 0 3
0.014 166 0 9 0 3
0.015 135 0 9 1 2
0.016 120 0 9 1 1
0.017 136 0 7 0 2
0.018 104 0 6 0 2
0.019 105 0 7 1 0
0.02 93 0 8 0 1
0.021 85 0 5 0 3
0.022 85 0 9 0 2
0.023 84 0 5 0 4
0.024 73 0 6 1 2
0.025 76 0 8 0 3
0.026 63 0 5 0 2
0.027 67 0 3 0 4
0.028 63 1 4 0 2
0.029 65 0 2 0 3
0.03 52 0 7 1 1
0.031 54 0 4 1 2
0.032 55 0 8 0 1
0.033 38 0 4 1 2
0.034 45 0 3 1 2
0.035 51 0 7 0 1
0.036 44 0 1 0 3
0.037 44 0 5 0 2
0.038 38 0 4 1 3
0.039 39 0 8 0 4
0.04 33 0 1 0 6
0.041 35 0 2 1 5
0.042 37 0 3 2 3
0.043 39 0 2 1 2
0.044 30 0 3 1 4
0.045 39 0 6 1 2
0.046 32 0 6 0 1
0.047 28 0 6 0 2
0.048 26 0 6 1 3
0.049 26 0 5 1 4
0.05 23 0 4 0 2
0.051 32 0 6 1 2
0.052 28 0 3 0 4
0.053 33 0 6 1 2
0.054 30 0 3 1 3
0.055 26 0 2 3 1
0.056 30 0 1 0 5
0.057 29 0 2 0 2
0.058 34 0 1 1 0
0.059 38 0 7 1 3
0.06 34 0 2 1 3
0.061 22 0 2 3 2
0.062 34 0 7 1 3
0.063 26 0 2 0 5
0.064 20 0 3 3 4
0.065 23 0 3 3 5
0.066 16 0 5 0 3
0.067 34 0 4 0 3
0.068 28 0 1 1 3
0.069 32 0 6 1 3
0.07 21 0 5 0 0
0.071 28 0 4 0 2
0.072 28 0 8 0 3
0.073 37 0 3 1 1
0.074 24 0 3 1 2
0.075 27 0 3 1 2
0.076 27 0 3 0 1
0.077 27 0 2 0 3
0.077 27 0 2 0 3
