0 0 0 0 0 0 0
0.001 0 0 0 0 0 0
0.002 0 0 0 0 0 0
0.003 0 0 0 0 0 0
0.004 0 0 0 0 0 0
0.005 0 0 0 0 0 0
0.006 0 0 0 0 0 0
0.007 0 0 0 0 0 0
0.008 0 0 0 0 0 0
0.009 0 0 0 0 0 0
0.01 0 0 0 0 0 0
0.011 0 0 0 0 0 0
0.012 0 0 0 0 0 0
0.013 0 0 0 0 0 0
0.014 0 0 0 0 0 0
0.015 0 0 0 0 0 0
0.016 0 0 0 0 0 0
0.017 0 0 0 0 0 0
0.018 0 0 0 0 0 0
0.019 0 0 0 0 0 0
0.02 0 0 0 0 0 0
0.021 0 0 0 0 0 0
0.022 0 0 0 0 0 0
0.023 0 0 0 0 0 0
0.024 0 0 0 0 0 0
0.025 0 0 0 0 0 0
0.026 0 0 0 0 0 0
0.027 0 0 0 0 0 0
0.028 0 0 0 0 0 0
0.029 0 0 0 0 0 0
0.03 0 0 0 0 0 0
0.031 0 0 0 0 0 0
0.032 0 0 0 0 0 0
0.033 0 0 0 0 0 0
0.034 0 0 0 0 0 0
0.035 0 0 0 0 0 0
0.036 0 0 0 0 0 0
0.037 0 0 0 0 0 0
0.038 0 0 0 0 0 0
0.039 0 0 0 0 0 0
0.04 0 0 0 0 0 0
0.041 0 0 0 0 0 0
0.042 0 0 0 0 0 0
0.043 0 0 0 0 0 0
0.044 0 0 0 0 0 0
0.045 0 0 0 0 0 0
0.046 0 0 0 0 0 0
0.047 0 0 0 0 0 0
0.048 0 0 0 0 0 0
0.049 0 0 0 0 0 0
0.05 0 0 0 0 0 0
0.051 0 0 0 0 0 0
0.052 0 0 0 0 0 0
0.053 1 0 0 0 0 0
0.054 2 0 0 0 0 0
0.055 2 0 0 0 0 0
0.056 3 0 0 0 0 0
0.057 3 0 0 0 0 0
0.058 3 0 0 0 0 0
0.059 2 0 0 0 0 0
0.06 3 0 0 0 0 0
0.061 3 0 0 0 0 0
0.062 2 0 0 0 0 0
0.063 2 0 0 0 0 0
0.064 2 0 0 0 0 0
0.065 3 0 0 0 0 0
0.066 3 0 0 0 0 0
0.067 2 0 0 0 0 0
0.068 1 0 0 0 0 0
0.069 1 0 0 0 0 0
0.07 3 0 0 0 0 0
0.071 3 0 0 0 0 0
0.072 4 0 0 0 0 0
0.073 5 0 0 0 0 0
0.074 5 0 0 0 0 0
0.075 5 0 0 0 0 0
0.076 5 0 0 0 0 0
0.077 4 0 0 0 0 0
0.078 4 0 0 0 0 0
0.079 4 0 0 0 0 0
0.08 4 0 0 0 0 0
0.081 5 0 0 0 0 0
0.082 4 0 0 0 0 0
0.083 5 0 0 0 0 0
0.084 5 0 0 0 0 0
0.085 7 0 0 0 0 0
0.086 7 0 0 0 0 0
0.087 7 0 0 0 0 0
0.088 7 0 0 0 0 0
0.089 7 0 0 0 0 0
0.09 7 0 0 0 0 0
0.091 9 0 0 0 0 0
0.092 8 0 0 0 0 0
0.093 8 0 0 0 0 0
0.094 9 0 0 0 0 0
0.095 9 0 0 0 0 0
0.096 10 0 0 0 0 0
0.097 10 0 0 0 0 0
0.098 11 0 0 0 0 0
0.099 10 0 0 0 0 0
0.1 12 0 0 0 0 0
0.101 12 0 0 0 0 0
0.102 13 0 0 0 0 0
0.103 12 0 0 0 0 0
0.104 11 0 0 0 0 0
0.105 11 0 0 0 0 0
0.106 11 0 0 0 0 0
0.107 11 0 0 0 0 0
0.108 10 0 0 0 0 0
0.109 11 0 0 0 0 0
0.11 10 0 0 0 0 0
0.111 10 0 0 0 0 0
0.112 13 0 0 0 0 0
0.113 12 0 0 0 0 0
0.114 15 0 0 0 0 0
0.115 16 0 0 0 0 0
0.116 14 0 0 0 0 0
0.117 14 0 0 0 0 0
0.118 14 0 0 0 0 0
0.119 12 0 0 0 0 0
0.12 13 0 0 0 0 0
0.121 12 0 0 0 0 0
0.122 14 0 0 0 0 0
0.123 14 0 0 0 0 0
0.124 17 0 0 0 0 0
0.125 18 0 0 0 0 0
0.126 18 0 0 0 0 0
0.127 19 0 0 0 0 0
0.128 19 0 0 0 0 0
0.129 16 0 0 0 0 0
0.13 17 0 0 0 0 0
0.131 18 0 0 0 0 0
0.132 16 0 0 0 0 0
0.133 20 0 0 0 0 0
0.134 21 0 0 0 0 0
0.135 20 0 0 0 0 0
0.136 19 0 0 0 0 0
0.137 21 0 0 0 0 0
0.138 21 0 0 0 0 0
0.139 22 0 0 0 0 0
0.14 20 0 0 0 0 0
0.141 22 0 0 0 0 0
0.142 24 0 0 0 0 0
0.143 24 0 0 0 0 0
0.144 25 0 0 0 0 0
0.145 29 0 0 0 0 0
0.146 29 0 0 0 0 0
0.147 26 0 0 0 0 0
0.148 25 0 0 0 0 0
0.149 24 0 0 0 0 0
0.15 27 0 0 0 0 0
0.151 27 0 0 0 0 0
0.152 28 0 0 0 0 0
0.153 29 0 0 0 0 0
0.154 29 0 0 0 0 0
0.155 28 0 0 0 0 0
0.156 30 0 0 0 0 0
0.157 32 0 0 0 0 0
0.158 33 0 0 0 0 0
0.159 31 0 0 0 0 0
0.16 33 0 0 0 0 0
0.161 34 0 0 0 0 0
0.162 34 0 0 0 0 0
0.163 33 0 0 0 0 0
0.164 34 0 0 0 0 0
0.165 34 0 0 0 0 0
0.166 35 0 0 0 0 0
0.167 36 0 0 0 0 0
0.168 37 0 0 0 0 0
0.169 35 0 0 0 0 0
0.17 36 0 0 0 0 0
0.171 38 0 0 0 0 0
0.172 37 0 0 0 0 0
0.173 38 0 0 0 0 0
0.174 37 0 0 0 0 0
0.175 37 0 0 0 0 0
0.176 37 0 0 0 0 0
0.177 40 0 0 0 0 0
0.178 41 0 0 0 0 0
0.179 43 0 0 0 0 0
0.18 46 0 0 0 0 0
0.181 45 0 0 0 0 0
0.182 48 0 0 0 0 0
0.183 46 0 0 0 0 0
0.184 48 0 0 0 0 0
0.185 48 0 0 0 0 0
0.186 49 0 0 0 0 0
0.187 46 0 0 0 0 0
0.188 49 0 0 0 0 0
0.189 51 0 0 0 0 0
0.19 51 0 0 0 0 0
0.191 52 0 0 0 0 0
0.192 54 0 0 0 0 0
0.193 53 0 0 0 0 0
0.194 55 0 0 0 0 0
0.195 56 0 0 0 0 0
0.196 56 0 0 0 0 0
0.197 52 0 0 0 0 0
0.198 53 0 0 0 0 0
0.199 55 0 0 0 0 0
0.2 54 0 0 0 0 0
0.201 56 0 0 0 0 0
0.202 56 0 0 0 0 0
0.203 58 0 0 0 0 0
0.204 61 0 0 0 0 0
0.205 62 0 0 0 0 0
0.206 64 0 0 0 0 0
0.207 62 0 0 0 0 0
0.208 62 0 0 0 0 0
0.209 64 0 0 0 0 0
0.21 66 0 0 0 0 0
0.211 64 0 0 0 0 0
0.212 65 0 0 0 0 0
0.213 68 0 0 0 0 0
0.214 66 0 0 0 0 0
0.215 68 0 0 0 0 0
0.216 68 0 0 0 0 0
0.217 70 0 0 0 0 0
0.218 69 0 0 0 0 0
0.219 71 0 0 0 0 0
0.22 67 0 0 0 0 0
0.221 71 0 0 0 0 0
0.222 69 0 0 0 0 0
0.223 69 0 0 0 0 0
0.224 68 0 0 0 0 0
0.225 68 0 0 0 0 0
0.226 69 0 0 0 0 0
0.227 71 0 0 0 0 0
0.228 73 0 0 0 0 0
0.229 72 0 0 0 0 0
0.23 73 0 0 0 0 0
0.231 72 0 0 0 0 0
0.232 73 0 0 0 0 0
0.233 72 0 0 0 0 0
0.234 73 0 0 0 0 0
0.235 75 0 0 0 0 0
0.236 76 0 0 0 0 0
0.237 77 0 0 0 0 0
0.238 79 0 0 0 0 0
0.239 76 0 0 0 0 0
0.24 80 0 0 0 0 0
0.241 76 0 0 0 0 0
0.242 75 0 0 0 0 0
0.243 82 0 0 0 0 0
0.244 81 0 0 0 0 0
0.245 85 0 0 0 0 0
0.246 84 0 0 0 0 0
0.247 82 0 0 0 0 0
0.248 82 0 0 0 0 0
0.249 81 0 0 0 0 0
0.25 82 0 0 0 0 0
0.251 87 0 0 0 0 0
0.252 80 0 0 0 0 0
0.253 81 0 0 0 0 0
0.254 85 0 0 0 0 0
0.255 83 0 0 0 0 0
0.256 81 0 0 0 0 0
0.257 84 0 0 0 0 0
0.258 85 0 0 0 0 0
0.259 84 0 0 0 0 0
0.26 83 0 0 0 0 0
0.261 82 0 0 0 0 0
0.262 82 0 0 0 0 0
0.263 80 0 0 0 0 0
0.264 80 0 0 0 0 0
0.265 83 0 0 0 0 0
0.266 85 0 0 0 0 0
0.267 86 0 0 0 0 0
0.268 86 0 0 0 0 0
0.269 89 0 0 0 0 0
0.27 89 0 0 0 0 0
0.271 94 0 0 0 0 0
0.272 93 0 0 0 0 0
0.273 91 0 0 0 0 0
0.274 92 0 0 0 0 0
0.275 93 0 0 0 0 0
0.276 91 0 0 0 0 0
0.277 91 0 0 0 0 0
0.278 92 0 0 0 0 0
0.279 93 0 0 0 0 0
0.28 99 0 0 0 0 0
0.281 95 0 0 0 0 0
0.282 94 0 0 0 0 0
0.283 93 0 0 0 0 0
0.284 99 0 0 0 0 0
0.285 93 0 0 0 0 0
0.286 98 0 0 0 0 0
0.287 99 0 0 0 0 0
0.288 104 0 0 0 0 0
0.289 103 0 0 0 0 0
0.29 103 0 0 0 0 0
0.291 99 0 0 0 0 0
0.292 102 0 0 0 0 0
0.293 107 0 0 0 0 0
0.294 104 0 0 0 0 0
0.295 99 0 0 0 0 0
0.296 103 0 0 0 0 0
0.297 103 0 0 0 0 0
0.298 103 0 0 0 0 0
0.299 104 0 0 0 0 0
0.3 105 0 0 0 0 0
0.301 107 0 0 0 0 0
0.302 113 0 0 0 0 0
0.303 108 0 0 0 0 0
0.304 113 0 0 0 0 0
0.305 110 0 0 0 0 0
0.306 111 0 0 0 0 0
0.307 108 0 0 0 0 0
0.308 110 0 0 0 0 0
0.309 110 0 0 0 0 0
0.31 110 0 0 0 0 0
0.311 112 0 0 0 0 0
0.312 117 0 0 0 0 0
0.313 118 0 0 0 0 0
0.314 119 0 0 0 0 0
0.315 117 0 0 0 0 0
0.316 116 0 0 0 0 0
0.317 121 0 0 0 0 0
0.318 121 0 0 0 0 0
0.319 125 0 0 0 0 0
0.32 120 0 0 0 0 0
0.321 119 0 0 0 0 0
0.322 120 0 0 0 0 0
0.323 119 0 0 0 0 0
0.324 117 0 0 0 0 0
0.325 122 0 0 0 0 0
0.326 120 0 0 0 0 0
0.327 123 0 0 0 0 0
0.328 126 0 0 0 0 0
0.329 130 0 0 0 0 0
0.33 128 0 0 0 0 0
0.331 128 0 0 0 0 0
0.332 129 0 0 0 0 0
0.333 129 0 0 0 0 0
0.334 132 0 0 0 0 0
0.335 132 0 0 0 0 0
0.336 133 0 0 0 0 0
0.337 134 0 0 0 0 0
0.338 135 0 0 0 0 0
0.339 137 0 0 0 0 0
0.34 135 0 0 0 0 0
0.341 130 0 0 0 0 0
0.342 130 0 0 0 0 0
0.343 137 0 0 0 0 0
0.344 130 0 0 0 0 0
0.345 135 0 0 0 0 0
0.346 131 0 0 0 0 0
0.347 134 0 0 0 0 0
0.348 135 0 0 0 0 0
0.349 137 0 0 0 0 0
0.35 138 0 0 0 0 0
0.351 137 0 0 0 0 0
0.352 140 0 0 0 0 0
0.353 140 0 0 0 0 0
0.354 141 0 0 0 0 0
0.355 140 0 0 0 0 0
0.356 144 0 0 0 0 0
0.357 146 0 0 0 0 0
0.358 143 0 0 0 0 0
0.359 146 0 0 0 0 0
0.36 144 0 0 0 0 0
0.361 148 0 0 0 0 0
0.362 149 0 0 0 0 0
0.363 151 0 0 0 0 0
0.364 151 0 0 0 0 0
0.365 147 0 0 0 0 0
0.366 153 0 0 0 0 0
0.367 149 0 0 0 0 0
0.368 150 0 0 0 0 0
0.369 143 0 0 0 0 0
0.37 152 0 0 0 0 0
0.371 149 0 0 0 0 0
0.372 153 0 0 0 0 0
0.373 156 0 0 0 0 0
0.374 153 0 0 0 0 0
0.375 151 0 0 0 0 0
0.376 154 0 0 0 0 0
0.377 153 0 0 0 0 0
0.378 157 0 0 0 0 0
0.379 155 0 0 0 0 0
0.38 155 0 0 0 0 0
0.381 154 0 0 0 0 0
0.382 158 0 0 0 0 0
0.383 158 0 0 0 0 0
0.384 161 0 0 0 0 0
0.385 163 0 0 0 0 0
0.386 168 0 0 0 0 0
0.387 165 0 0 0 0 0
0.388 167 0 0 0 0 0
0.389 164 0 0 0 0 0
0.39 168 0 0 0 0 0
0.391 169 0 0 0 0 0
0.392 171 0 0 0 0 0
0.393 167 0 0 0 0 0
0.394 166 0 0 0 0 0
0.395 166 0 0 0 0 0
0.396 171 0 0 0 0 0
0.397 170 0 0 0 0 0
0.398 169 0 0 0 0 0
0.399 168 0 0 0 0 0
0.4 165 0 0 0 0 0
0.401 167 0 0 0 0 0
0.402 175 0 0 0 0 0
0.403 170 0 0 0 0 0
0.404 169 0 0 0 0 0
0.405 172 0 0 0 0 0
0.406 176 0 0 0 0 0
0.407 173 0 0 0 0 0
0.408 176 0 0 0 0 0
0.409 175 0 0 0 0 0
0.41 172 0 0 0 0 0
0.411 170 0 0 0 0 0
0.412 167 0 0 0 0 0
0.413 170 0 0 0 0 0
0.414 173 0 0 0 0 0
0.415 174 0 0 0 0 0
0.416 177 0 0 0 0 0
0.417 175 0 0 0 0 0
0.418 169 0 0 0 0 0
0.419 169 0 0 0 0 0
0.42 172 0 0 0 0 0
0.421 176 0 0 0 0 0
0.422 175 0 0 0 0 0
0.423 180 0 0 0 0 0
0.424 176 0 0 0 0 0
0.425 177 0 0 0 0 0
0.426 184 0 0 0 0 0
0.427 183 0 0 0 0 0
0.428 183 0 0 0 0 0
0.429 184 0 0 0 0 0
0.43 182 0 0 0 0 0
0.431 180 0 0 0 0 0
0.432 184 0 0 0 0 0
0.433 183 0 0 0 0 0
0.434 192 0 0 0 0 0
0.435 191 0 0 0 0 0
0.436 190 0 0 0 0 0
0.437 191 0 0 0 0 0
0.438 189 0 0 0 0 0
0.439 189 0 0 0 0 0
0.44 186 0 0 0 0 0
0.441 190 0 0 0 0 0
0.442 187 0 0 0 0 0
0.443 190 0 0 0 0 0
0.444 192 0 0 0 0 0
0.445 196 0 0 0 0 0
0.446 197 0 0 0 0 0
0.447 199 0 0 0 0 0
0.448 198 0 0 0 0 0
0.449 196 0 0 0 0 0
0.45 200 0 0 0 0 0
0.451 198 0 0 0 0 0
0.452 200 0 0 0 0 0
0.453 201 0 0 0 0 0
0.454 203 0 0 0 0 0
0.455 204 0 0 0 0 0
0.456 205 0 0 0 0 0
0.457 210 0 0 0 0 0
0.458 211 0 0 0 0 0
0.459 209 0 0 0 0 0
0.46 213 0 0 0 0 0
0.461 215 0 0 0 0 0
0.462 215 0 0 0 0 0
0.463 213 0 0 0 0 0
0.464 208 0 0 0 0 0
0.465 210 0 0 0 0 0
0.466 207 0 0 0 0 0
0.467 210 0 0 0 0 0
0.468 215 0 0 0 0 0
0.469 217 0 0 0 0 0
0.47 218 0 0 0 0 0
0.471 217 0 0 0 0 0
0.472 217 0 0 0 0 0
0.473 217 0 0 0 0 0
0.474 218 0 0 0 0 0
0.475 212 0 0 0 0 0
0.476 216 0 0 0 0 0
0.477 207 0 0 0 0 0
0.478 209 0 0 0 0 0
0.479 215 0 0 0 0 0
0.48 220 0 0 0 0 0
0.481 223 0 0 0 0 0
0.482 227 0 0 0 0 0
0.483 227 0 0 0 0 0
0.484 225 0 0 0 0 0
0.485 224 0 0 0 0 0
0.486 230 0 0 0 0 0
0.487 230 0 0 0 0 0
0.488 229 0 0 0 0 0
0.489 232 0 0 0 0 0
0.49 231 0 0 0 0 0
0.491 233 0 0 0 0 0
0.492 235 0 0 0 0 0
0.493 236 0 0 0 0 0
0.494 235 0 0 0 0 0
0.495 236 0 0 0 0 0
0.496 240 0 0 0 0 0
0.497 237 0 0 0 0 0
0.498 237 0 0 0 0 0
0.499 238 0 0 0 0 0
0.5 236 0 0 0 0 0
0.501 239 0 0 0 0 0
0.502 237 0 0 0 0 0
0.503 238 0 0 0 0 0
0.504 248 0 0 0 0 0
0.505 249 0 0 0 0 0
0.506 248 0 0 0 0 0
0.507 244 0 0 0 0 0
0.508 241 0 0 0 0 0
0.509 248 0 0 0 0 0
0.51 245 0 0 0 0 0
0.511 240 0 0 0 0 0
0.512 246 0 0 0 0 0
0.513 251 0 0 0 0 0
0.514 247 0 0 0 0 0
0.515 252 0 0 0 0 0
0.516 254 0 0 0 0 0
0.517 252 0 0 0 0 0
0.518 252 0 0 0 0 0
0.519 254 0 0 0 0 0
0.52 253 0 0 0 0 0
0.521 250 0 0 0 0 0
0.522 253 0 0 0 0 0
0.523 254 0 0 0 0 0
0.524 255 0 0 0 0 0
0.525 256 0 0 0 0 0
0.526 254 0 0 0 0 0
0.527 256 0 0 0 0 0
0.528 252 0 0 0 0 0
0.529 253 0 0 0 0 0
0.53 255 0 0 0 0 0
0.531 257 0 0 0 0 0
0.532 259 0 0 0 0 0
0.533 263 0 0 0 0 0
0.534 255 0 0 0 0 0
0.535 258 0 0 0 0 0
0.536 262 0 0 0 0 0
0.537 264 0 0 0 0 0
0.538 262 0 0 0 0 0
0.539 254 0 0 0 0 0
0.54 260 0 0 0 0 0
0.541 260 0 0 0 0 0
0.542 258 0 0 0 0 0
0.543 260 0 0 0 0 0
0.544 259 0 0 0 0 0
0.545 264 0 0 0 0 0
0.546 267 0 0 0 0 0
0.547 268 0 0 0 0 0
0.548 270 0 0 0 0 0
0.549 271 0 0 0 0 0
0.55 273 0 0 0 0 0
0.551 275 0 0 0 0 0
0.552 279 0 0 0 0 0
0.553 279 0 0 0 0 0
0.554 283 0 0 0 0 0
0.555 274 0 0 0 0 0
0.556 276 0 0 0 0 0
0.557 273 0 0 0 0 0
0.558 283 0 0 0 0 0
0.559 278 0 0 0 0 0
0.56 276 0 0 0 0 0
0.561 277 0 0 0 0 0
0.562 281 0 0 0 0 0
0.563 276 0 0 0 0 0
0.564 279 0 0 0 0 0
0.565 283 0 0 0 0 0
0.566 287 0 0 0 0 0
0.567 281 0 0 0 0 0
0.568 280 0 0 0 0 0
0.569 283 0 0 0 0 0
0.57 286 0 0 0 0 0
0.571 285 0 0 0 0 0
0.572 285 0 0 0 0 0
0.573 289 0 0 0 0 0
0.574 293 0 0 0 0 0
0.575 294 0 0 0 0 0
0.576 298 0 0 0 0 0
0.577 298 0 0 0 0 0
0.578 297 0 0 0 0 0
0.579 303 0 0 0 0 0
0.58 298 0 0 0 0 0
0.581 298 0 0 0 0 0
0.582 298 0 0 0 0 0
0.583 300 0 0 0 0 0
0.584 295 0 0 0 0 0
0.585 297 0 0 0 0 0
0.586 297 0 0 0 0 0
0.587 292 0 0 0 0 0
0.588 291 0 0 0 0 0
0.589 291 0 0 0 0 0
0.59 291 0 0 0 0 0
0.591 290 0 0 0 0 0
0.592 297 0 0 0 0 0
0.593 300 0 0 0 0 0
0.594 303 0 0 0 0 0
0.595 297 0 0 0 0 0
0.596 301 0 0 0 0 0
0.597 299 0 0 0 0 0
0.598 304 0 0 0 0 0
0.599 302 0 0 0 0 0
0.6 305 0 0 0 0 0
0.601 307 0 0 0 0 0
0.602 304 0 0 0 0 0
0.603 300 0 0 0 0 0
0.604 305 0 0 0 0 0
0.605 308 0 0 0 0 0
0.606 318 0 0 0 0 0
0.607 319 0 0 0 0 0
0.608 313 0 0 0 0 0
0.609 315 0 0 0 0 0
0.61 316 0 0 0 0 0
0.611 318 0 0 0 0 0
0.612 316 0 0 0 0 0
0.613 321 0 0 0 0 0
0.614 318 0 0 0 0 0
0.615 318 0 0 0 0 0
0.616 322 0 0 0 0 0
0.617 319 0 0 0 0 0
0.618 326 0 0 0 0 0
0.619 325 0 0 0 0 0
0.62 319 0 0 0 0 0
0.621 321 0 0 0 0 0
0.622 324 0 0 0 0 0
0.623 321 0 0 0 0 0
0.624 324 0 0 0 0 0
0.625 329 0 0 0 0 0
0.626 330 0 0 0 0 0
0.627 327 0 0 0 0 0
0.628 326 0 0 0 0 0
0.629 328 0 0 0 0 0
0.63 331 0 0 0 0 0
0.631 329 0 0 0 0 0
0.632 336 0 0 0 0 0
0.633 332 0 0 0 0 0
0.634 334 0 0 0 0 0
0.635 331 0 0 0 0 0
0.636 332 0 0 0 0 0
0.637 334 0 0 0 0 0
0.638 337 0 0 0 0 0
0.639 335 0 0 0 0 0
0.64 337 0 0 0 0 0
0.641 335 0 0 0 0 0
0.642 339 0 0 0 0 0
0.643 342 0 0 0 0 0
0.644 347 0 0 0 0 0
0.645 345 0 0 0 0 0
0.646 339 0 0 0 0 0
0.647 345 0 0 0 0 0
0.648 346 0 0 0 0 0
0.649 348 0 0 0 0 0
0.65 338 0 0 0 0 0
0.651 346 0 0 0 0 0
0.652 346 0 0 0 0 0
0.653 344 0 0 0 0 0
0.654 348 0 0 0 0 0
0.655 348 0 0 0 0 0
0.656 350 0 0 0 0 0
0.657 350 0 0 0 0 0
0.658 339 0 0 0 0 0
0.659 341 0 0 0 0 0
0.66 342 0 0 0 0 0
0.661 339 0 0 0 0 0
0.662 348 0 0 0 0 0
0.663 344 0 0 0 0 0
0.664 347 0 0 0 0 0
0.665 349 0 0 0 0 0
0.666 349 0 0 0 0 0
0.667 349 0 0 0 0 0
0.668 350 0 0 0 0 0
0.669 353 0 0 0 0 0
0.67 355 0 0 0 0 0
0.671 350 0 0 0 0 0
0.672 354 0 0 0 0 0
0.673 356 0 0 0 0 0
0.674 359 0 0 0 0 0
0.675 358 0 0 0 0 0
0.676 359 0 0 0 0 0
0.677 362 0 0 0 0 0
0.678 359 0 0 0 0 0
0.679 360 0 0 0 0 0
0.68 355 0 0 0 0 0
0.681 355 0 0 0 0 0
0.682 360 0 0 0 0 0
0.683 361 0 0 0 0 0
0.684 362 0 0 0 0 0
0.685 366 0 0 0 0 0
0.686 370 0 0 0 0 0
0.687 365 0 0 0 0 0
0.688 364 0 0 0 0 0
0.689 369 0 0 0 0 0
0.69 368 0 0 0 0 0
0.691 371 0 0 0 0 0
0.692 372 0 0 0 0 0
0.693 373 0 0 0 0 0
0.694 375 0 0 0 0 0
0.695 378 0 0 0 0 0
0.696 375 0 0 0 0 0
0.697 375 0 0 0 0 0
0.698 377 0 0 0 0 0
0.699 374 0 0 0 0 0
0.7 378 0 0 0 0 0
0.701 376 0 0 0 0 0
0.702 373 0 0 0 0 0
0.703 381 0 0 0 0 0
0.704 380 0 0 0 0 0
0.705 380 0 0 0 0 0
0.706 380 0 0 0 0 0
0.707 380 0 0 0 0 0
0.708 379 0 0 0 0 0
0.709 379 0 0 0 0 0
0.71 379 0 0 0 0 0
0.711 374 0 0 0 0 0
0.712 377 0 0 0 0 0
0.713 376 0 0 0 0 0
0.714 380 0 0 0 0 0
0.715 384 0 0 0 0 0
0.716 386 0 0 0 0 0
0.717 391 0 0 0 0 0
0.718 390 0 0 0 0 0
0.719 390 0 0 0 0 0
0.72 392 0 0 0 0 0
0.721 394 0 0 0 0 0
0.722 391 0 0 0 0 0
0.723 389 0 0 0 0 0
0.724 388 0 0 0 0 0
0.725 386 0 0 0 0 0
0.726 394 0 0 0 0 0
0.727 390 0 0 0 0 0
0.728 398 0 0 0 0 0
0.729 395 0 0 0 0 0
0.73 399 0 0 0 0 0
0.731 397 0 0 0 0 0
0.732 396 0 0 0 0 0
0.733 396 0 0 0 0 0
0.734 398 0 0 0 0 0
0.735 394 0 0 0 0 0
0.736 396 0 0 0 0 0
0.737 395 0 0 0 0 0
0.738 400 0 0 0 0 0
0.739 404 0 0 0 0 0
0.74 406 0 0 0 0 0
0.741 406 0 0 0 0 0
0.742 406 0 0 0 0 0
0.743 407 0 0 0 0 0
0.744 402 0 0 0 0 0
0.745 405 0 0 0 0 0
0.746 408 0 0 0 0 0
0.747 413 0 0 0 0 0
0.748 415 0 0 0 0 0
0.749 416 0 0 0 0 0
0.75 420 0 0 0 0 0
0.751 422 0 0 0 0 0
0.752 413 0 0 0 0 0
0.753 413 0 0 0 0 0
0.754 417 0 0 0 0 0
0.755 418 0 0 0 0 0
0.756 422 0 0 0 0 0
0.757 419 0 0 0 0 0
0.758 419 0 0 0 0 0
0.759 420 0 0 0 0 0
0.76 422 0 0 0 0 0
0.761 427 0 0 0 0 0
0.762 428 0 0 0 0 0
0.763 424 0 0 0 0 0
0.764 423 0 0 0 0 0
0.765 428 0 0 0 0 0
0.766 431 0 0 0 0 0
0.767 431 0 0 0 0 0
0.768 432 0 0 0 0 0
0.769 436 0 0 0 0 0
0.77 438 0 0 0 0 0
0.771 438 0 0 0 0 0
0.772 434 0 0 0 0 0
0.773 441 0 0 0 0 0
0.774 442 0 0 0 0 0
0.775 434 0 0 0 0 0
0.776 433 0 0 0 0 0
0.777 435 0 0 0 0 0
0.778 444 0 0 0 0 0
0.779 437 0 0 0 0 0
0.78 443 0 0 0 0 0
0.781 441 0 0 0 0 0
0.782 441 0 0 0 0 0
0.783 442 0 0 0 0 0
0.784 440 0 0 0 0 0
0.785 449 0 0 0 0 0
0.786 450 0 0 0 0 0
0.787 447 0 0 0 0 0
0.788 450 0 0 0 0 0
0.789 447 0 0 0 0 0
0.79 444 0 0 0 0 0
0.791 444 0 0 0 0 0
0.792 447 0 0 0 0 0
0.793 448 0 0 0 0 0
0.794 443 0 0 0 0 0
0.795 449 0 0 0 0 0
0.796 452 0 0 0 0 0
0.797 452 0 0 0 0 0
0.798 454 0 0 0 0 0
0.799 452 0 0 0 0 0
0.8 453 0 0 0 0 0
0.801 457 0 0 0 0 0
0.802 451 0 0 0 0 0
0.803 452 0 0 0 0 0
0.804 453 0 0 0 0 0
0.805 459 0 0 0 0 0
0.806 458 0 0 0 0 0
0.807 455 0 0 0 0 0
0.808 457 0 0 0 0 0
0.809 457 0 0 0 0 0
0.81 453 0 0 0 0 0
0.811 454 0 0 0 0 0
0.812 455 0 0 0 0 0
0.813 460 0 0 0 0 0
0.814 465 0 0 0 0 0
0.815 455 0 0 0 0 0
0.816 459 0 0 0 0 0
0.817 462 0 0 0 0 0
0.818 465 0 0 0 0 0
0.819 469 0 0 0 0 0
0.82 471 0 0 0 0 0
0.821 465 0 0 0 0 0
0.822 467 0 0 0 0 0
0.823 470 0 0 0 0 0
0.824 472 0 0 0 0 0
0.825 470 0 0 0 0 0
0.826 472 0 0 0 0 0
0.827 471 0 0 0 0 0
0.828 471 0 0 0 0 0
0.829 468 0 0 0 0 0
0.83 470 0 0 0 0 0
0.831 473 0 0 0 0 0
0.832 470 0 0 0 0 0
0.833 474 0 0 0 0 0
0.834 475 0 0 0 0 0
0.835 475 0 0 0 0 0
0.836 474 0 0 0 0 0
0.837 470 0 0 0 0 0
0.838 469 0 0 0 0 0
0.839 475 0 0 0 0 0
0.84 479 0 0 0 0 0
0.841 481 0 0 0 0 0
0.842 484 0 0 0 0 0
0.843 482 0 0 0 0 0
0.844 481 0 0 0 0 0
0.845 483 0 0 0 0 0
0.846 486 0 0 0 0 0
0.847 488 0 0 0 0 0
0.848 484 0 0 0 0 0
0.849 486 0 0 0 0 0
0.85 489 0 0 0 0 0
0.851 491 0 0 0 0 0
0.852 492 0 0 0 0 0
0.853 484 0 0 0 0 0
0.854 486 0 0 0 0 0
0.855 491 0 0 0 0 0
0.856 495 0 0 0 0 0
0.857 493 0 0 0 0 0
0.858 499 0 0 0 0 0
0.859 496 0 0 0 0 0
0.86 500 0 0 0 0 0
0.861 507 0 0 0 0 0
0.862 507 0 0 0 0 0
0.863 507 0 0 0 0 0
0.864 509 0 0 0 0 0
0.865 513 0 0 0 0 0
0.866 510 0 0 0 0 0
0.867 505 0 0 0 0 0
0.868 508 0 0 0 0 0
0.869 508 0 0 0 0 0
0.87 506 0 0 0 0 0
0.871 512 0 0 0 0 0
0.872 507 0 0 0 0 0
0.873 503 0 0 0 0 0
0.874 506 0 0 0 0 0
0.875 511 0 0 0 0 0
0.876 512 0 0 0 0 0
0.877 516 0 0 0 0 0
0.878 513 0 0 0 0 0
0.879 520 0 0 0 0 0
0.88 517 0 0 0 0 0
0.881 516 0 0 0 0 0
0.882 513 0 0 0 0 0
0.883 516 0 0 0 0 0
0.884 516 0 0 0 0 0
0.885 522 0 0 0 0 0
0.886 523 0 0 0 0 0
0.887 527 0 0 0 0 0
0.888 516 0 0 0 0 0
0.889 521 0 0 0 0 0
0.89 521 0 0 0 0 0
0.891 523 0 0 0 0 0
0.892 525 0 0 0 0 0
0.893 529 0 0 0 0 0
0.894 529 0 0 0 0 0
0.895 532 0 0 0 0 0
0.896 532 0 0 0 0 0
0.897 542 0 0 0 0 0
0.898 535 0 0 0 0 0
0.899 537 0 0 0 0 0
0.9 527 0 0 0 0 0
0.901 526 0 0 0 0 0
0.902 531 0 0 0 0 0
0.903 530 0 0 0 0 0
0.904 535 0 0 0 0 0
0.905 540 0 0 0 0 0
0.906 536 0 0 0 0 0
0.907 541 0 0 0 0 0
0.908 542 0 0 0 0 0
0.909 545 0 0 0 0 0
0.91 549 0 0 0 0 0
0.911 547 0 0 0 0 0
0.912 542 0 0 0 0 0
0.913 548 0 0 0 0 0
0.914 548 0 0 0 0 0
0.915 547 0 0 0 0 0
0.916 538 0 0 0 0 0
0.917 543 0 0 0 0 0
0.918 542 0 0 0 0 0
0.919 552 0 0 0 0 0
0.92 548 0 0 0 0 0
0.921 556 0 0 0 0 0
0.922 550 0 0 0 0 0
0.923 542 0 0 0 0 0
0.924 546 0 0 0 0 0
0.925 539 0 0 0 0 0
0.926 542 0 0 0 0 0
0.927 547 0 0 0 0 0
0.928 546 0 0 0 0 0
0.929 551 0 0 0 0 0
0.93 550 0 0 0 0 0
0.931 551 0 0 0 0 0
0.932 554 0 0 0 0 0
0.933 556 0 0 0 0 0
0.934 553 0 0 0 0 0
0.935 561 0 0 0 0 0
0.936 555 0 0 0 0 0
0.937 561 0 0 0 0 0
0.938 564 0 0 0 0 0
0.939 558 0 0 0 0 0
0.94 558 0 0 0 0 0
0.941 564 0 0 0 0 0
0.942 563 0 0 0 0 0
0.943 570 0 0 0 0 0
0.944 567 0 0 0 0 0
0.945 568 0 0 0 0 0
0.946 575 0 0 0 0 0
0.947 577 0 0 0 0 0
0.948 573 0 0 0 0 0
0.949 575 0 0 0 0 0
0.95 575 0 0 0 0 0
0.951 577 0 0 0 0 0
0.952 576 0 0 0 0 0
0.953 572 0 0 0 0 0
0.954 573 0 0 0 0 0
0.955 570 0 0 0 0 0
0.956 572 0 0 0 0 0
0.957 580 0 0 0 0 0
0.958 581 0 0 0 0 0
0.959 578 0 0 0 0 0
0.96 581 0 0 0 0 0
0.961 582 0 0 0 0 0
0.962 580 0 0 0 0 0
0.963 590 0 0 0 0 0
0.964 588 0 0 0 0 0
0.965 590 0 0 0 0 0
0.966 591 0 0 0 0 0
0.967 587 0 0 0 0 0
0.968 594 0 0 0 0 0
0.969 589 0 0 0 0 0
0.97 586 0 0 0 0 0
0.971 589 0 0 0 0 0
0.972 588 0 0 0 0 0
0.973 594 0 0 0 0 0
0.974 593 0 0 0 0 0
0.975 598 0 0 0 0 0
0.976 600 0 0 0 0 0
0.977 594 0 0 0 0 0
0.978 593 0 0 0 0 0
0.979 588 0 0 0 0 0
0.98 592 0 0 0 0 0
0.981 585 0 0 0 0 0
0.982 589 0 0 0 0 0
0.983 596 0 0 0 0 0
0.984 598 0 0 0 0 0
0.985 597 0 0 0 0 0
0.986 598 0 0 0 0 0
0.987 600 0 0 0 0 0
0.988 602 0 0 0 0 0
0.989 600 0 0 0 0 0
0.99 605 0 0 0 0 0
0.991 602 0 0 0 0 0
0.992 608 0 0 0 0 0
0.993 610 0 0 0 0 0
0.994 610 0 0 0 0 0
0.995 608 0 0 0 0 0
0.996 609 0 0 0 0 0
0.997 611 0 0 0 0 0
0.998 608 0 0 0 0 0
0.999 609 0 0 0 0 0
1 615 0 0 0 0 0
1.001 612 0 0 0 0 0
1.002 616 0 0 0 0 0
1.003 621 0 0 0 0 0
1.004 616 0 0 0 0 0
1.005 620 0 0 0 0 0
1.006 621 0 0 0 0 0
1.007 626 0 0 0 0 0
1.008 625 0 0 0 0 0
1.009 621 0 0 0 0 0
1.01 626 0 0 0 0 0
1.011 626 0 0 0 0 0
1.012 622 0 0 0 0 0
1.013 624 0 0 0 0 0
1.014 624 0 0 0 0 0
1.015 626 0 0 0 0 0
1.016 624 0 0 0 0 0
1.017 632 0 0 0 0 0
1.018 628 0 0 0 0 0
1.019 630 0 0 0 0 0
1.02 634 0 0 0 0 0
1.021 629 0 0 0 0 0
1.022 639 0 0 0 0 0
1.023 633 0 0 0 0 0
1.024 628 0 0 0 0 0
1.025 632 0 0 0 0 0
1.026 632 0 0 0 0 0
1.027 628 0 0 0 0 0
1.028 625 0 0 0 0 0
1.029 629 0 0 0 0 0
1.03 633 0 0 0 0 0
1.031 628 0 0 0 0 0
1.032 628 0 0 0 0 0
1.033 624 0 0 0 0 0
1.034 624 0 0 0 0 0
1.035 635 0 0 0 0 0
1.036 639 0 0 0 0 0
1.037 641 0 0 0 0 0
1.038 638 0 0 0 0 0
1.039 642 0 0 0 0 0
1.04 632 0 0 0 0 0
1.041 637 0 0 0 0 0
1.042 633 0 0 0 0 0
1.043 633 0 0 0 0 0
1.044 639 0 0 0 0 0
1.045 641 0 0 0 0 0
1.046 640 0 0 0 0 0
1.047 643 0 0 0 0 0
1.048 645 0 0 0 0 0
1.049 