0 1 50 0 0 0 0
0.001 2 50 0 0 0 0
0.002 3 50 0 0 0 0
0.003 4 50 0 0 0 0
0.004 5 50 0 0 0 0
0.005 6 50 0 0 0 0
0.006 7 50 0 0 0 0
0.007 8 50 0 0 0 0
0.008 9 50 0 0 0 0
0.009 10 50 0 0 0 0
0.01 11 50 0 0 0 0
0.011 12 50 0 0 0 0
0.012 13 50 0 0 0 0
0.013 14 50 0 0 0 0
0.014 15 50 0 0 0 0
0.015 16 50 0 0 0 0
0.016 17 50 0 0 0 0
0.017 18 50 0 0 0 0
0.018 19 50 0 0 0 0
0.019 20 50 0 0 0 0
0.02 21 50 0 0 0 0
0.021 22 50 0 0 0 0
0.022 23 50 0 0 0 0
0.023 24 50 0 0 0 0
0.024 25 50 0 0 0 0
0.025 26 50 0 0 0 0
0.026 27 50 0 0 0 0
0.027 28 50 0 0 0 0
0.028 29 50 0 0 0 0
0.029 30 50 0 0 0 0
0.03 31 50 0 0 0 0
0.031 32 50 0 0 0 0
0.032 33 50 0 0 0 0
0.033 34 50 0 0 0 0
0.034 35 50 0 0 0 0
0.035 36 50 0 0 0 0
0.036 37 50 0 0 0 0
0.037 38 50 0 0 0 0
0.038 38 50 0 0 0 0
0.039 38 50 0 0 0 0
0.04 38 50 0 0 0 0
0.041 39 50 0 0 0 0
0.042 41 50 0 0 0 0
0.043 43 50 0 0 0 0
0.044 44 50 0 0 0 0
0.045 45 50 0 0 0 0
0.046 46 50 0 0 0 0
0.047 48 50 0 0 0 0
0.048 49 50 0 0 0 0
0.049 48 50 0 0 0 0
0.05 50 50 0 0 0 0
0.051 52 50 0 0 0 0
0.052 53 50 0 0 0 0
0.053 54 50 0 0 0 0
0.054 55 50 0 0 0 0
0.055 56 50 0 0 0 0
0.056 55 50 0 0 0 0
0.057 56 50 0 0 0 0
0.058 57 50 0 0 0 0
0.059 57 50 0 0 0 0
0.06 58 50 0 0 0 0
0.061 59 50 0 0 0 0
0.062 60 50 0 0 0 0
0.063 61 50 0 0 0 0
0.064 61 50 0 0 0 0
0.065 63 50 0 0 0 0
0.066 63 50 0 0 0 0
0.067 64 50 0 0 0 0
0.068 62 50 0 0 0 0
0.069 65 50 0 0 0 0
0.07 65 50 0 0 0 0
0.071 65 50 0 0 0 0
0.072 68 50 0 0 0 0
0.073 69 50 0 0 0 0
0.074 69 50 0 0 0 0
0.075 71 50 0 0 0 0
0.076 71 50 0 0 0 0
0.077 73 50 0 0 0 0
0.078 71 50 0 0 0 0
0.079 72 50 0 0 0 0
0.08 75 50 0 0 0 0
0.081 74 50 0 0 0 0
0.082 75 50 0 0 0 0
0.083 74 50 0 0 0 0
0.084 76 50 0 0 0 0
0.085 78 50 0 0 0 0
0.086 77 50 0 0 0 0
0.087 78 50 0 0 0 0
0.088 79 50 0 0 0 0
0.089 78 50 0 0 0 0
0.09 80 50 0 0 0 0
0.091 80 50 0 0 0 0
0.092 82 50 0 0 0 0
0.093 81 50 0 0 0 0
0.094 81 50 0 0 0 0
0.095 80 50 0 0 0 0
0.096 81 50 0 0 0 0
0.097 79 50 0 0 0 0
0.098 80 50 0 0 0 0
0.099 82 50 0 0 0 0
0.1 83 50 0 0 0 0
0.101 82 50 0 0 0 0
0.102 84 50 0 0 0 0
0.103 82 50 0 0 0 0
0.104 83 50 0 0 0 0
0.105 85 50 0 0 0 0
0.106 87 50 0 0 0 0
0.107 87 50 0 0 0 0
0.108 89 49 1 0 0 0
0.109 87 49 1 0 0 0
0.11 86 49 1 0 0 0
0.111 90 49 1 0 0 0
0.112 88 49 1 0 0 0
0.113 89 49 1 0 0 0
0.114 92 49 1 0 0 0
0.115 94 49 1 0 0 0
0.116 94 49 1 0 0 0
0.117 95 49 1 0 0 0
0.118 94 49 1 0 0 0
0.119 93 49 1 0 0 0
0.12 96 49 1 0 0 0
0.121 93 49 1 0 0 0
0.122 93 49 1 0 0 0
0.123 95 49 1 0 0 0
0.124 94 49 1 0 0 0
0.125 93 49 1 0 0 0
0.126 96 49 1 0 0 0
0.127 97 49 1 0 0 0
0.128 97 49 1 0 0 0
0.129 97 49 1 0 0 0
0.13 95 49 1 0 0 0
0.131 95 49 1 0 0 0
0.132 98 49 1 0 0 0
0.133 97 49 1 0 0 0
0.134 98 49 1 0 0 0
0.135 96 49 1 0 0 0
0.136 100 49 1 0 0 0
0.137 97 49 1 0 0 0
0.138 102 49 1 0 0 0
0.139 102 49 1 0 0 0
0.14 101 49 1 0 0 0
0.141 98 49 1 0 0 0
0.142 100 49 1 0 0 0
0.143 97 49 1 0 0 0
0.144 102 49 1 0 0 0
0.145 103 49 1 0 0 0
0.146 102 49 1 0 0 0
0.147 103 49 1 0 0 0
0.148 101 49 1 0 0 0
0.149 104 49 1 0 0 0
0.15 104 49 1 0 0 0
0.151 106 49 1 0 0 0
0.152 106 49 1 0 0 0
0.153 107 49 1 0 0 0
0.154 108 49 1 0 0 0
0.155 108 49 1 0 0 0
0.156 108 49 1 0 0 0
0.157 113 49 1 0 0 0
0.158 113 49 1 0 0 0
0.159 110 49 1 0 0 0
0.16 111 49 1 0 0 0
0.161 111 49 1 0 0 0
0.162 110 49 1 0 0 0
0.163 113 49 1 0 0 0
0.164 112 49 1 0 0 0
0.165 118 49 1 0 0 0
0.166 117 49 1 0 0 0
0.167 114 49 1 0 0 0
0.168 114 49 1 0 0 0
0.169 114 49 1 0 0 0
0.17 111 49 1 0 0 0
0.171 108 49 1 0 0 0
0.172 112 49 1 0 0 0
0.173 108 49 1 0 0 0
0.174 112 49 1 0 0 0
0.175 111 49 1 0 0 0
0.176 112 49 1 0 0 0
0.177 113 49 1 0 0 0
0.178 115 49 1 0 0 0
0.179 113 49 1 0 0 0
0.18 112 49 1 0 0 0
0.181 114 49 1 0 0 0
0.182 115 49 1 0 0 0
0.183 115 49 1 0 0 0
0.184 114 49 1 0 0 0
0.185 113 49 1 0 0 0
0.186 114 49 1 0 0 0
0.187 110 49 1 0 0 0
0.188 108 49 1 0 0 0
0.189 105 49 1 0 0 0
0.19 109 49 1 0 0 0
0.191 108 49 1 0 0 0
0.192 106 49 1 0 0 0
0.193 103 49 1 0 0 0
0.194 105 49 1 0 0 0
0.195 104 49 1 0 0 0
0.196 105 49 1 0 0 0
0.197 106 49 1 0 0 0
0.198 109 49 1 0 0 0
0.199 104 49 1 0 0 0
0.2 103 49 1 0 0 0
0.201 104 49 1 0 0 0
0.202 106 49 1 0 0 0
0.203 106 49 1 0 0 0
0.204 106 49 1 0 0 0
0.205 107 49 1 0 0 0
0.206 107 49 1 0 0 0
0.207 108 49 1 0 0 0
0.208 108 48 2 0 0 0
0.209 106 48 2 0 0 0
0.21 110 48 2 0 0 0
0.211 113 48 2 0 0 0
0.212 106 48 2 0 0 0
0.213 106 48 2 0 0 0
0.214 107 48 2 0 0 0
0.215 112 48 2 0 0 0
0.216 112 48 2 0 0 0
0.217 114 48 2 0 0 0
0.218 110 48 2 0 0 0
0.219 117 48 2 0 0 0
0.22 110 48 2 0 0 0
0.221 114 48 2 0 0 0
0.222 114 48 2 0 0 0
0.223 115 48 2 0 0 0
0.224 116 48 2 0 0 0
0.225 114 48 2 0 0 0
0.226 115 48 2 0 0 0
0.227 117 48 2 0 0 0
0.228 117 48 2 0 0 0
0.229 117 48 2 0 0 0
0.23 119 48 2 0 0 0
0.231 118 48 2 0 0 0
0.232 118 48 2 0 0 0
0.233 120 48 2 0 0 0
0.234 117 48 2 0 0 0
0.235 122 48 2 0 0 0
0.236 123 48 2 0 0 0
0.237 117 48 2 0 0 0
0.238 121 48 2 0 0 0
0.239 118 48 2 0 0 0
0.24 120 48 2 0 0 0
0.241 122 48 2 0 0 0
0.242 121 48 2 0 0 0
0.243 122 48 2 0 0 0
0.244 118 48 2 0 0 0
0.245 117 48 2 0 0 0
0.246 115 48 2 0 0 0
0.247 121 48 2 0 0 0
0.248 120 48 2 0 0 0
0.249 124 48 2 0 0 0
0.25 120 48 2 0 0 0
0.251 120 48 2 0 0 0
0.252 122 48 2 0 0 0
0.253 123 48 2 0 0 0
0.254 122 48 2 0 0 0
0.255 124 48 2 0 0 0
0.256 123 48 2 0 0 0
0.257 122 48 2 0 0 0
0.258 119 48 2 0 0 0
0.259 122 48 2 0 0 0
0.26 119 48 2 0 0 0
0.261 122 48 2 0 0 0
0.262 124 48 2 0 0 0
0.263 123 48 2 0 0 0
0.264 124 48 2 0 0 0
0.265 126 48 2 0 0 0
0.266 128 48 2 0 0 0
0.267 127 48 2 0 0 0
0.268 130 48 2 0 0 0
0.269 130 48 2 0 0 0
0.27 129 48 2 0 0 0
0.271 129 48 2 0 0 0
0.272 132 48 2 0 0 0
0.273 129 48 2 0 0 0
0.274 128 48 2 0 0 0
0.275 127 48 2 0 0 0
0.276 129 48 2 0 0 0
0.277 130 48 2 0 0 0
0.278 130 48 2 0 0 0
0.279 132 48 2 0 0 0
0.28 128 48 2 0 0 0
0.281 128 48 2 0 0 0
0.282 126 48 2 0 0 0
0.283 130 48 2 0 0 0
0.284 129 48 2 0 0 0
0.285 131 48 2 0 0 0
0.286 127 48 2 0 0 0
0.287 131 48 2 0 0 0
0.288 129 48 2 0 0 0
0.289 128 48 2 0 0 0
0.29 133 48 2 0 0 0
0.291 131 48 2 0 0 0
0.292 129 48 2 0 0 0
0.293 134 48 2 0 0 0
0.294 130 48 2 0 0 0
0.295 128 48 2 0 0 0
0.296 134 48 2 0 0 0
0.297 138 48 2 0 0 0
0.298 135 48 2 0 0 0
0.299 134 48 2 0 0 0
0.3 134 48 2 0 0 0
0.301 133 48 2 0 0 0
0.302 131 48 2 0 0 0
0.303 133 48 2 0 0 0
0.304 133 48 2 0 0 0
0.305 135 48 2 0 0 0
0.306 135 48 2 0 0 0
0.307 134 48 2 0 0 0
0.308 136 48 2 0 0 0
0.309 135 48 2 0 0 0
0.31 132 48 2 0 0 0
0.311 132 48 2 0 0 0
0.312 129 48 2 0 0 0
0.313 129 48 2 0 0 0
0.314 134 48 2 0 0 0
0.315 133 48 2 0 0 0
0.316 137 48 2 0 0 0
0.317 137 48 2 0 0 0
0.318 133 48 2 0 0 0
0.319 137 48 2 0 0 0
0.32 140 48 2 0 0 0
0.321 140 48 2 0 0 0
0.322 141 48 2 0 0 0
0.323 142 48 2 0 0 0
0.324 143 48 2 0 0 0
0.325 140 48 2 0 0 0
0.326 143 48 2 0 0 0
0.327 133 48 2 0 0 0
0.328 138 48 2 0 0 0
0.329 136 48 2 0 0 0
0.33 141 48 2 0 0 0
0.331 144 48 2 0 0 0
0.332 144 48 2 0 0 0
0.333 145 48 2 0 0 0
0.334 148 48 2 0 0 0
0.335 140 48 2 0 0 0
0.336 140 48 2 0 0 0
0.337 140 48 2 0 0 0
0.338 142 48 2 0 0 0
0.339 140 48 2 0 0 0
0.34 145 48 2 0 0 0
0.341 142 48 2 0 0 0
0.342 139 48 2 0 0 0
0.343 139 48 2 0 0 0
0.344 142 48 2 0 0 0
0.345 141 48 2 0 0 0
0.346 138 48 2 0 0 0
0.347 139 48 2 0 0 0
0.348 139 48 2 0 0 0
0.349 136 48 2 0 0 0
0.35 136 48 2 0 0 0
0.351 137 48 2 0 0 0
0.352 138 48 2 0 0 0
0.353 136 48 2 0 0 0
0.354 137 48 2 0 0 0
0.355 142 48 2 0 0 0
0.356 140 48 2 0 0 0
0.357 136 48 2 0 0 0
0.358 140 48 2 0 0 0
0.359 139 48 2 0 0 0
0.36 139 48 2 0 0 0
0.361 136 48 2 0 0 0
0.362 135 48 2 0 0 0
0.363 140 48 2 0 0 0
0.364 139 48 2 0 0 0
0.365 142 48 2 0 0 0
0.366 144 48 2 0 0 0
0.367 144 48 2 0 0 0
0.368 147 48 2 0 0 0
0.369 143 48 2 0 0 0
0.37 142 48 2 0 0 0
0.371 138 48 2 0 0 0
0.372 137 48 2 0 0 0
0.373 142 48 2 0 0 0
0.374 142 48 2 0 0 0
0.375 138 48 2 0 0 0
0.376 140 48 2 0 0 0
0.377 139 48 2 0 0 0
0.378 140 48 2 0 0 0
0.379 137 48 2 0 0 0
0.38 138 48 2 0 0 0
0.381 134 48 2 0 0 0
0.382 133 48 2 0 0 0
0.383 139 48 2 0 0 0
0.384 136 48 2 0 0 0
0.385 140 48 2 0 0 0
0.386 133 48 2 0 0 0
0.387 137 48 2 0 0 0
0.388 138 48 2 0 0 0
0.389 137 48 2 0 0 0
0.39 139 48 2 0 0 0
0.391 139 48 2 0 0 0
0.392 136 48 2 0 0 0
0.393 142 48 2 0 0 0
0.394 142 48 2 0 0 0
0.395 141 48 2 0 0 0
0.396 143 48 2 0 0 0
0.397 142 48 2 0 0 0
0.398 143 48 2 0 0 0
0.399 143 48 2 0 0 0
0.4 139 48 2 0 0 0
0.401 139 48 2 0 0 0
0.402 135 48 2 0 0 0
0.403 138 48 2 0 0 0
0.404 137 48 2 0 0 0
0.405 137 48 2 0 0 0
0.406 132 48 2 0 0 0
0.407 133 48 2 0 0 0
0.408 136 48 2 0 0 0
0.409 135 48 2 0 0 0
0.41 130 48 2 0 0 0
0.411 127 48 2 0 0 0
0.412 135 48 2 0 0 0
0.413 135 48 2 0 0 0
0.414 132 48 2 0 0 0
0.415 131 48 2 0 0 0
0.416 130 48 2 0 0 0
0.417 131 48 2 0 0 0
0.418 134 48 2 0 0 0
0.419 135 48 2 0 0 0
0.42 138 48 2 0 0 0
0.421 135 48 2 0 0 0
0.422 135 48 2 0 0 0
0.423 134 48 2 0 0 0
0.424 137 48 2 0 0 0
0.425 140 48 2 0 0 0
0.426 135 48 2 0 0 0
0.427 136 48 2 0 0 0
0.428 139 48 2 0 0 0
0.429 142 48 2 0 0 0
0.43 142 48 2 0 0 0
0.431 142 48 2 0 0 0
0.432 140 48 2 0 0 0
0.433 139 48 2 0 0 0
0.434 145 48 2 0 0 0
0.435 143 48 2 0 0 0
0.436 141 48 2 0 0 0
0.437 142 48 2 0 0 0
0.438 147 48 2 0 0 0
0.439 145 48 2 0 0 0
0.44 143 48 2 0 0 0
0.441 146 48 2 0 0 0
0.442 145 48 2 0 0 0
0.443 142 48 2 0 0 0
0.444 144 48 2 0 0 0
0.445 148 48 2 0 0 0
0.446 152 48 2 0 0 0
0.447 154 48 2 0 0 0
0.448 154 48 2 0 0 0
0.449 149 48 2 0 0 0
0.45 148 48 2 0 0 0
0.451 148 48 2 0 0 0
0.452 152 48 2 0 0 0
0.453 150 48 2 0 0 0
0.454 151 48 2 0 0 0
0.455 148 48 2 0 0 0
0.456 148 48 2 0 0 0
0.457 151 48 2 0 0 0
0.458 151 48 2 0 0 0
0.459 150 48 2 0 0 0
0.46 152 48 2 0 0 0
0.461 150 48 2 0 0 0
0.462 149 48 2 0 0 0
0.463 146 48 2 0 0 0
0.464 151 48 2 0 0 0
0.465 152 48 2 0 0 0
0.466 153 48 2 0 0 0
0.467 154 48 2 0 0 0
0.468 152 48 2 0 0 0
0.469 151 48 2 0 0 0
0.47 154 48 2 0 0 0
0.471 152 48 2 0 0 0
0.472 155 48 2 0 0 0
0.473 154 48 2 0 0 0
0.474 152 48 2 0 0 0
0.475 152 48 2 0 0 0
0.476 149 48 2 0 0 0
0.477 154 48 2 0 0 0
0.478 151 48 2 0 0 0
0.479 154 48 2 0 0 0
0.48 155 48 2 0 0 0
0.481 151 48 2 0 0 0
0.482 153 48 2 0 0 0
0.483 150 48 2 0 0 0
0.484 151 48 2 0 0 0
0.485 151 48 2 0 0 0
0.486 147 48 2 0 0 0
0.487 148 48 2 0 0 0
0.488 153 48 2 0 0 0
0.489 151 48 2 0 0 0
0.49 152 48 2 0 0 0
0.491 151 48 2 0 0 0
0.492 154 48 2 0 0 0
0.493 154 48 2 0 0 0
0.494 148 48 2 0 0 0
0.495 148 48 2 0 0 0
0.496 149 48 2 0 0 0
0.497 155 48 2 0 0 0
0.498 156 48 2 0 0 0
0.499 160 48 2 0 0 0
0.5 153 48 2 0 0 0
0.501 156 48 2 0 0 0
0.502 160 48 2 0 0 0
0.503 157 48 2 0 0 0
0.504 162 48 2 0 0 0
0.505 160 48 2 0 0 0
0.506 161 48 2 0 0 0
0.507 161 48 2 0 0 0
0.508 165 48 2 0 0 0
0.509 161 48 2 0 0 0
0.51 161 48 2 0 0 0
0.511 160 48 2 0 0 0
0.512 163 48 2 0 0 0
0.513 160 48 2 0 0 0
0.514 162 48 2 0 0 0
0.515 166 48 2 0 0 0
0.516 164 48 2 0 0 0
0.517 165 48 2 0 0 0
0.518 160 48 2 0 0 0
0.519 158 48 2 0 0 0
0.52 160 48 2 0 0 0
0.521 161 48 2 0 0 0
0.522 162 48 2 0 0 0
0.523 159 48 2 0 0 0
0.524 162 48 2 0 0 0
0.525 162 48 2 0 0 0
0.526 161 48 2 0 0 0
0.527 155 48 2 0 0 0
0.528 154 48 2 0 0 0
0.529 160 48 2 0 0 0
0.53 160 48 2 0 0 0
0.531 158 48 2 0 0 0
0.532 161 48 2 0 0 0
0.533 159 48 2 0 0 0
0.534 151 48 2 0 0 0
0.535 152 48 2 0 0 0
0.536 153 48 2 0 0 0
0.537 149 48 2 0 0 0
0.538 153 48 2 0 0 0
0.539 150 48 2 0 0 0
0.54 157 48 2 0 0 0
0.541 158 48 2 0 0 0
0.542 158 48 2 0 0 0
0.543 157 48 2 0 0 0
0.544 152 48 2 0 0 0
0.545 145 48 2 0 0 0
0.546 151 48 2 0 0 0
0.547 150 48 2 0 0 0
0.548 149 48 2 0 0 0
0.549 154 48 2 0 0 0
0.55 149 48 2 0 0 0
0.551 150 48 2 0 0 0
0.552 154 48 2 0 0 0
0.553 152 48 2 0 0 0
0.554 157 48 2 0 0 0
0.555 160 48 2 0 0 0
0.556 161 48 2 0 0 0
0.557 156 48 2 0 0 0
0.558 159 48 2 0 0 0
0.559 161 48 2 0 0 0
0.56 159 48 2 0 0 0
0.561 158 48 2 0 0 0
0.562 159 48 2 0 0 0
0.563 160 48 2 0 0 0
0.564 164 48 2 0 0 0
0.565 160 48 2 0 0 0
0.566 161 48 2 0 0 0
0.567 162 48 2 0 0 0
0.568 162 48 2 0 0 0
0.569 160 48 2 0 0 0
0.57 162 48 2 0 0 0
0.571 161 48 2 0 0 0
0.572 162 48 2 0 0 0
0.573 167 48 2 0 0 0
0.574 168 48 2 0 0 0
0.575 164 48 2 0 0 0
0.576 166 48 2 0 0 0
0.577 170 48 2 0 0 0
0.578 165 48 2 0 0 0
0.579 162 48 2 0 0 0
0.58 166 48 2 0 0 0
0.581 164 48 2 0 0 0
0.582 162 48 2 0 0 0
0.583 168 48 2 0 0 0
0.584 169 48 2 0 0 0
0.585 165 48 2 0 0 0
0.586 170 48 2 0 0 0
0.587 166 48 2 0 0 0
0.588 171 48 2 0 0 0
0.589 170 48 2 0 0 0
0.59 170 48 2 0 0 0
0.591 173 48 2 0 0 0
0.592 175 48 2 0 0 0
0.593 174 48 2 0 0 0
0.594 173 48 2 0 0 0
0.595 177 48 2 0 0 0
0.596 171 48 2 0 0 0
0.597 178 48 2 0 0 0
0.598 174 48 2 0 0 0
0.599 176 48 2 0 0 0
0.6 176 48 2 0 0 0
0.601 175 48 2 0 0 0
0.602 177 48 2 0 0 0
0.603 176 48 2 0 0 0
0.604 175 48 2 0 0 0
0.605 176 48 2 0 0 0
0.606 175 48 2 0 0 0
0.607 172 48 2 0 0 0
0.608 172 48 2 0 0 0
0.609 167 48 2 0 0 0
0.61 177 48 2 0 0 0
0.611 174 48 2 0 0 0
0.612 167 48 2 0 0 0
0.613 172 48 2 0 0 0
0.614 172 48 2 0 0 0
0.615 182 48 2 0 0 0
0.616 179 48 2 0 0 0
0.617 179 48 2 0 0 0
0.618 184 48 2 0 0 0
0.619 185 48 2 0 0 0
0.62 184 48 2 0 0 0
0.621 182 48 2 0 0 0
0.622 183 48 2 0 0 0
0.623 186 48 2 0 0 0
0.624 184 48 2 0 0 0
0.625 180 48 2 0 0 0
0.626 180 48 2 0 0 0
0.627 178 48 2 0 0 0
0.628 173 48 2 0 0 0
0.629 172 48 2 0 0 0
0.63 174 48 2 0 0 0
0.631 170 48 2 0 0 0
0.632 179 48 2 0 0 0
0.633 176 48 2 0 0 0
0.634 174 48 2 0 0 0
0.635 176 48 2 0 0 0
0.636 173 48 2 0 0 0
0.637 178 48 2 0 0 0
0.638 173 48 2 0 0 0
0.639 173 48 2 0 0 0
0.64 175 48 2 0 0 0
0.641 174 48 2 0 0 0
0.642 171 48 2 0 0 0
0.643 174 48 2 0 0 0
0.644 177 48 2 0 0 0
0.645 178 48 2 0 0 0
0.646 179 48 2 0 0 0
0.647 179 48 2 0 0 0
0.648 175 48 2 0 0 0
0.649 174 48 2 0 0 0
0.65 176 48 2 0 0 0
0.651 176 48 2 0 0 0
0.652 177 48 2 0 0 0
0.653 177 48 2 0 0 0
0.654 175 48 2 0 0 0
0.655 176 48 2 0 0 0
0.656 179 48 2 0 0 0
0.657 183 48 2 0 0 0
0.658 181 48 2 0 0 0
0.659 178 48 2 0 0 0
0.66 179 48 2 0 0 0
0.661 184 48 2 0 0 0
0.662 185 48 2 0 0 0
0.663 184 48 2 0 0 0
0.664 184 48 2 0 0 0
0.665 177 48 2 0 0 0
0.666 178 48 2 0 0 0
0.667 177 48 2 0 0 0
0.668 176 48 2 0 0 0
0.669 180 48 2 0 0 0
0.67 182 48 2 0 0 0
0.671 183 48 2 0 0 0
0.672 187 48 2 0 0 0
0.673 184 48 2 0 0 0
0.674 177 48 2 0 0 0
0.675 177 48 2 0 0 0
0.676 185 48 2 0 0 0
0.677 178 48 2 0 0 0
0.678 178 48 2 0 0 0
0.679 181 48 2 0 0 0
0.68 173 48 2 0 0 0
0.681 179 48 2 0 0 0
0.682 175 48 2 0 0 0
0.683 179 48 2 0 0 0
0.684 175 48 2 0 0 0
0.685 177 48 2 0 0 0
0.686 171 48 2 0 0 0
0.687 171 48 2 0 0 0
0.688 175 48 2 0 0 0
0.689 177 48 2 0 0 0
0.69 181 48 2 0 0 0
0.691 180 48 2 0 0 0
0.692 187 48 2 0 0 0
0.693 174 48 2 0 0 0
0.694 173 48 2 0 0 0
0.695 174 48 2 0 0 0
0.696 170 48 2 0 0 0
0.697 177 48 2 0 0 0
0.698 173 48 2 0 0 0
0.699 168 48 2 0 0 0
0.7 165 48 2 0 0 0
0.701 159 48 2 0 0 0
0.702 171 48 2 0 0 0
0.703 166 48 2 0 0 0
0.704 166 48 2 0 0 0
0.705 173 48 2 0 0 0
0.706 176 48 2 0 0 0
0.707 177 48 2 0 0 0
0.708 170 48 2 0 0 0
0.709 170 48 2 0 0 0
0.71 170 48 2 0 0 0
0.711 167 48 2 0 0 0
0.712 166 48 2 0 0 0
0.713 163 48 2 0 0 0
0.714 165 48 2 0 0 0
0.715 168 48 2 0 0 0
0.716 172 48 2 0 0 0
0.717 172 48 2 0 0 0
0.718 174 48 2 0 0 0
0.719 176 48 2 0 0 0
0.72 175 48 2 0 0 0
0.721 171 48 2 0 0 0
0.722 175 48 2 0 0 0
0.723 167 48 2 0 0 0
0.724 167 48 2 0 0 0
0.725 163 48 2 0 0 0
0.726 165 48 2 0 0 0
0.727 163 48 2 0 0 0
0.728 162 48 2 0 0 0
0.729 165 48 2 0 0 0
0.73 169 48 2 0 0 0
0.731 166 48 2 0 0 0
0.732 173 48 2 0 0 0
0.733 168 48 2 0 0 0
0.734 172 48 2 0 0 0
0.735 173 48 2 0 0 0
0.736 162 48 2 0 0 0
0.737 165 48 2 0 0 0
0.738 165 48 2 0 0 0
0.739 168 48 2 0 0 0
0.74 169 48 2 0 0 0
0.741 169 48 2 0 0 0
0.742 174 48 2 0 0 0
0.743 170 48 2 0 0 0
0.744 170 48 2 0 0 0
0.745 159 48 2 0 0 0
0.746 159 48 2 0 0 0
0.747 164 48 2 0 0 0
0.748 165 48 2 0 0 0
0.749 170 48 2 0 0 0
0.75 165 48 2 0 0 0
0.751 169 48 2 0 0 0
0.752 167 48 2 0 0 0
0.753 168 47 3 0 0 0
0.754 163 47 3 0 0 0
0.755 162 47 3 0 0 0
0.756 165 47 3 0 0 0
0.757 165 47 3 0 0 0
0.758 164 47 3 0 0 0
0.759 163 47 3 0 0 0
0.76 163 47 3 0 0 0
0.761 163 47 3 0 0 0
0.762 164 47 3 0 0 0
0.763 165 47 3 0 0 0
0.764 161 47 3 0 0 0
0.765 165 47 3 0 0 0
0.766 167 47 3 0 0 0
0.767 173 47 3 0 0 0
0.768 170 47 3 0 0 0
0.769 169 47 3 0 0 0
0.77 168 47 3 0 0 0
0.771 173 47 3 0 0 0
0.772 166 47 3 0 0 0
0.773 166 47 3 0 0 0
0.774 160 47 3 0 0 0
0.775 161 47 3 0 0 0
0.776 168 47 3 0 0 0
0.777 165 47 3 0 0 0
0.778 165 47 3 0 0 0
0.779 162 47 3 0 0 0
0.78 163 47 3 0 0 0
0.781 166 47 3 0 0 0
0.782 172 47 3 0 0 0
0.783 173 47 3 0 0 0
0.784 179 47 3 0 0 0
0.785 174 47 3 0 0 0
0.786 172 47 3 0 0 0
0.787 175 47 3 0 0 0
0.788 175 47 3 0 0 0
0.789 183 47 3 0 0 0
0.79 178 47 3 0 0 0
0.791 172 47 3 0 0 0
0.792 175 47 3 0 0 0
0.793 176 47 3 0 0 0
0.794 174 47 3 0 0 0
0.795 172 47 3 0 0 0
0.796 172 47 3 0 0 0
0.797 183 47 3 0 0 0
0.798 182 47 3 0 0 0
0.799 183 47 3 0 0 0
0.8 182 47 3 0 0 0
0.801 182 47 3 0 0 0
0.802 182 47 3 0 0 0
0.803 178 47 3 0 0 0
0.804 185 47 3 0 0 0
0.805 185 47 3 0 0 0
0.806 189 47 3 0 0 0
0.807 188 47 3 0 0 0
0.808 184 47 3 0 0 0
0.809 183 47 3 0 0 0
0.81 181 47 3 0 0 0
0.811 174 47 3 0 0 0
0.812 180 47 3 0 0 0
0.813 178 47 3 0 0 0
0.814 181 47 3 0 0 0
0.815 182 47 3 0 0 0
0.816 181 47 3 0 0 0
0.817 176 47 3 0 0 0
0.818 179 47 3 0 0 0
0.819 174 47 3 0 0 0
0.82 175 47 3 0 0 0
0.821 179 47 3 0 0 0
0.822 181 47 3 0 0 0
0.823 183 47 3 0 0 0
0.824 183 47 3 0 0 0
0.825 185 47 3 0 0 0
0.826 188 47 3 0 0 0
0.827 183 47 3 0 0 0
0.828 187 47 3 0 0 0
0.829 183 47 3 0 0 0
0.83 183 47 3 0 0 0
0.831 185 47 3 0 0 0
0.832 187 47 3 0 0 0
0.833 188 47 3 0 0 0
0.834 185 47 3 0 0 0
0.835 185 47 3 0 0 0
0.836 188 47 3 0 0 0
0.837 184 47 3 0 0 0
0.838 186 47 3 0 0 0
0.839 185 47 3 0 0 0
0.84 177 47 3 0 0 0
0.841 182 47 3 0 0 0
0.842 184 47 3 0 0 0
0.843 186 47 3 0 0 0
0.844 180 47 3 0 0 0
0.845 180 47 3 0 0 0
0.846 179 47 3 0 0 0
0.847 184 47 3 0 0 0
0.848 185 47 3 0 0 0
0.849 184 47 3 0 0 0
0.85 184 47 3 0 0 0
0.851 190 47 3 0 0 0
0.852 186 47 3 0 0 0
0.853 187 47 3 0 0 0
0.854 185 47 3 0 0 0
0.855 182 47 3 0 0 0
0.856 188 47 3 0 0 0
0.857 187 47 3 0 0 0
0.858 188 47 3 0 0 0
0.859 192 47 3 0 0 0
0.86 190 47 3 0 0 0
0.861 196 47 3 0 0 0
0.862 187 47 3 0 0 0
0.863 190 47 3 0 0 0
0.864 186 47 3 0 0 0
0.865 193 47 3 0 0 0
0.866 189 47 3 0 0 0
0.867 192 47 3 0 0 0
0.868 194 47 3 0 0 0
0.869 191 47 3 0 0 0
0.87 196 47 3 0 0 0
0.871 198 47 3 0 0 0
0.872 196 47 3 0 0 0
0.873 196 47 3 0 0 0
0.874 191 47 3 0 0 0
0.875 191 47 3 0 0 0
0.876 191 47 3 0 0 0
0.877 185 47 3 0 0 0
0.878 192 47 3 0 0 0
0.879 191 47 3 0 0 0
0.88 196 47 3 0 0 0
0.881 197 47 3 0 0 0
0.882 200 47 3 0 0 0
0.883 200 47 3 0 0 0
0.884 201 47 3 0 0 0
0.885 197 47 3 0 0 0
0.886 202 47 3 0 0 0
0.887 200 47 3 0 0 0
0.888 199 47 3 0 0 0
0.889 197 47 3 0 0 0
0.89 198 47 3 0 0 0
0.891 190 47 3 0 0 0
0.892 194 47 3 0 0 0
0.893 202 47 3 0 0 0
0.894 205 47 3 0 0 0
0.895 204 47 3 0 0 0
0.896 196 47 3 0 0 0
0.897 192 47 3 0 0 0
0.898 192 47 3 0 0 0
0.899 189 47 3 0 0 0
0.9 190 47 3 0 0 0
0.901 191 47 3 0 0 0
0.902 189 47 3 0 0 0
0.903 190 47 3 0 0 0
0.904 188 47 3 0 0 0
0.905 178 47 3 0 0 0
0.906 183 47 3 0 0 0
0.907 183 47 3 0 0 0
0.908 177 47 3 0 0 0
0.909 174 47 3 0 0 0
0.91 177 47 3 0 0 0
0.911 173 47 3 0 0 0
0.912 174 47 3 0 0 0
0.913 173 47 3 0 0 0
0.914 178 47 3 0 0 0
0.915 178 47 3 0 0 0
0.916 176 47 3 0 0 0
0.917 179 47 3 0 0 0
0.918 171 47 3 0 0 0
0.919 178 47 3 0 0 0
0.92 177 47 3 0 0 0
0.921 179 47 3 0 0 0
0.922 181 47 3 0 0 0
0.923 179 47 3 0 0 0
0.924 183 47 3 0 0 0
0.925 181 47 3 0 0 0
0.926 182 47 3 0 0 0
0.927 181 47 3 0 0 0
0.928 182 47 3 0 0 0
0.929 185 47 3 0 0 0
0.93 181 47 3 0 0 0
0.931 179 47 3 0 0 0
0.932 183 47 3 0 0 0
0.933 174 47 3 0 0 0
0.934 174 47 3 0 0 0
0.935 177 47 3 0 0 0
0.936 174 47 3 0 0 0
0.937 188 47 3 0 0 0
0.938 188 47 3 0 0 0
0.939 187 47 3 0 0 0
0.94 190 47 3 0 0 0
0.941 186 47 3 0 0 0
0.942 189 47 3 0 0 0
0.943 184 47 3 0 0 0
0.944 185 47 3 0 0 0
0.945 193 47 3 0 0 0
0.946 195 47 3 0 0 0
0.947 189 47 3 0 0 0
0.948 193 47 3 0 0 0
0.949 193 47 3 0 0 0
0.95 198 47 3 0 0 0
0.951 199 47 3 0 0 0
0.952 192 47 3 0 0 0
0.953 194 47 3 0 0 0
0.954 191 47 3 0 0 0
0.955 191 47 3 0 0 0
0.956 195 47 3 0 0 0
0.957 190 47 3 0 0 0
0.958 188 47 3 0 0 0
0.959 186 47 3 0 0 0
0.96 178 47 3 0 0 0
0.961 182 47 3 0 0 0
0.962 180 47 3 0 0 0
0.963 182 47 3 0 0 0
0.964 181 47 3 0 0 0
0.965 183 47 3 0 0 0
0.966 187 47 3 0 0 0
0.967 186 47 3 0 0 0
0.968 181 47 3 0 0 0
0.969 181 47 3 0 0 0
0.97 181 47 3 0 0 0
0.971 181 47 3 0 0 0
0.972 181 47 3 0 0 0
0.973 182 47 3 0 0 0
0.974 182 47 3 0 0 0
0.975 182 47 3 0 0 0
0.976 182 47 3 0 0 0
0.977 182 47 3 0 0 0
0.978 180 47 3 0 0 0
0.979 183 47 3 0 0 0
0.98 177 47 3 0 0 0
0.981 185 47 3 0 0 0
0.982 186 47 3 0 0 0
0.983 183 47 3 0 0 0
0.984 177 47 3 0 0 0
0.985 180 47 3 0 0 0
0.986 180 47 3 0 0 0
0.987 179 47 3 0 0 0
0.988 177 47 3 0 0 0
0.989 176 47 3 0 0 0
0.99 176 47 3 0 0 0
0.991 174 47 3 0 0 0
0.992 177 47 3 0 0 0
0.993 172 47 3 0 0 0
0.994 185 47 3 0 0 0
0.995 185 47 3 0 0 0
0.996 186 47 3 0 0 0
0.997 187 47 3 0 0 0
0.998 185 47 3 0 0 0
0.999 185 47 3 0 0 0
1 184 47 3 0 0 0
1.001 188 47 3 0 0 0
1.002 184 47 3 0 0 0
1.003 178 47 3 0 0 0
1.004 181 47 3 0 0 0
1.005 178 47 3 0 0 0
1.006 176 47 3 0 0 0
1.007 172 47 3 0 0 0
1.008 175 47 3 0 0 0
1.009 177 47 3 0 0 0
1.01 178 47 3 0 0 0
1.011 173 47 3 0 0 0
1.012 175 47 3 0 0 0
1.013 177 47 3 0 0 0
1.014 176 47 3 0 0 0
1.015 171 47 3 0 0 0
1.016 168 47 3 0 0 0
1.017 167 47 3 0 0 0
1.018 171 47 3 0 0 0
1.019 170 47 3 0 0 0
1.02 173 47 3 0 0 0
1.021 167 47 3 0 0 0
1.022 170 47 3 0 0 0
1.023 164 47 3 0 0 0
1.024 166 47 3 0 0 0
1.025 169 47 3 0 0 0
1.026 168 47 3 0 0 0
1.027 171 47 3 0 0 0
1.028 169 47 3 0 0 0
1.029 173 47 3 0 0 0
1.03 173 47 3 0 0 0
1.031 177 47 3 0 0 0
1.032 172 47 3 0 0 0
1.033 172 47 3 0 0 0
1.034 165 47 3 0 0 0
1.035 173 47 3 0 0 0
1.036 179 47 3 0 0 0
1.037 177 47 3 0 0 0
1.038 178 47 3 0 0 0
1.039 176 47 3 0 0 0
1.04 177 47 3 0 0 0
1.041 187 47 3 0 0 0
1.042 179 47 3 0 0 0
1.043 180 47 3 0 0 0
1.044 181 47 3 0 0 0
1.045 180 47 3 0 0 0
1.046 186 47 3 0 0 0
1.047 191 47 3 0 0 0
1.048 185 46 4 0 0 0
1.049 188 46 4 0 0 0
1.05 186 46 4 0 0 0
1.051 191 46 4 0 0 0
1.052 194 46 4 0 0 0
1.053 197 46 4 0 0 0
1.054 201 46 4 0 0 0
1.055 201 46 4 0 0 0
1.056 197 46 4 0 0 0
1.057 195 46 4 0 0 0
1.058 195 46 4 0 0 0
1.059 197 46 4 0 0 0
1.06 202 46 4 0 0 0
1.061 190 46 4 0 0 0
1.062 193 46 4 0 0 0
1.063 201 46 4 0 0 0
1.064 202 46 4 0 0 0
1.065 198 46 4 0 0 0
1.066 196 46 4 0 0 0
1.067 193 46 4 0 0 0
1.068 200 46 4 0 0 0
1.069 205 46 4 0 0 0
1.07 199 46 4 0 0 0
1.071 198 46 4 0 0 0
1.072 197 46 4 0 0 0
1.073 200 46 4 0 0 0
1.074 199 46 4 0 0 0
1.075 198 46 4 0 0 0
1.076 196 46 4 0 0 0
1.077 194 46 4 0 0 0
1.078 197 46 4 0 0 0
1.079 196 46 4 0 0 0
1.08 198 46 4 0 0 0
1.081 197 46 4 0 0 0
1.082 203 46 4 0 0 0
1.083 205 46 4 0 0 0
1.084 207 46 4 0 0 0
1.085 204 46 4 0 0 0
1.086 204 46 4 0 0 0
1.087 206 46 4 0 0 0
1.088 205 46 4 0 0 0
1.089 208 46 4 0 0 0
1.09 210 46 4 0 0 0
1.091 204 46 4 0 0 0
1.092 205 46 4 0 0 0
1.093 207 46 4 0 0 0
1.094 210 46 4 0 0 0
1.095 210 46 4 0 0 0
1.096 209 46 4 0 0 0
1.097 207 46 4 0 0 0
1.098 204 46 4 0 0 0
1.099 197 46 4 0 0 0
1.1 202 46 4 0 0 0
1.101 208 46 4 0 0 0
1.102 199 46 4 0 0 0
1.103 200 46 4 0 0 0
1.104 198 46 4 0 0 0
1.105 196 46 4 0 0 0
1.106 189 46 4 0 0 0
1.107 194 46 4 0 0 0
1.108 194 46 4 0 0 0
1.109 190 46 4 0 0 0
1.11 196 46 4 0 0 0
1.111 198 46 4 0 0 0
1.112 195 46 4 0 0 0
1.113 193 46 4 0 0 0
1.114 196 46 4 0 0 0
1.115 198 46 4 0 0 0
1.116 198 46 4 0 0 0
1.117 193 46 4 0 0 0
1.118 199 46 4 0 0 0
1.119 198 46 4 0 0 0
1.12 199 46 4 0 0 0
1.121 205 46 4 0 0 0
1.122 201 46 4 0 0 0
1.123 203 46 4 0 0 0
1.124 202 46 4 0 0 0
1.125 196 46 4 0 0 0
1.126 198 46 4 0 0 0
1.127 196 46 4 0 0 0
1.128 195 46 4 0 0 0
1.129 192 46 4 0 0 0
1.13 194 46 4 0 0 0
1.131 192 46 4 0 0 0
1.132 189 46 4 0 0 0
1.133 198 46 4 0 0 0
1.134 196 46 4 0 0 0
1.135 201 46 4 0 0 0
1.136 201 46 4 0 0 0
1.137 201 46 4 0 0 0
1.138 197 46 4 0 0 0
1.139 198 46 4 0 0 0
1.14 201 46 4 0 0 0
1.141 198 46 4 0 0 0
1.142 196 46 4 0 0 0
1.143 195 46 4 0 0 0
1.144 199 46 4 0 0 0
1.145 191 46 4 0 0 0
1.146 196 46 4 0 0 0
1.147 190 46 4 0 0 0
1.148 197 46 4 0 0 0
1.149 200 46 4 0 0 0
1.15 201 46 4 0 0 0
1.151 194 46 4 0 0 0
1.152 194 46 4 0 0 0
1.153 201 46 4 0 0 0
1.154 193 46 4 0 0 0
1.155 197 46 4 0 0 0
1.156 196 46 4 0 0 0
1.157 191 46 4 0 0 0
1.158 193 46 4 0 0 0
1.159 195 46 4 0 0 0
1.16 192 46 4 0 0 0
1.161 192 46 4 0 0 0
1.162 193 46 4 0 0 0
1.163 190 46 4 0 0 0
1.164 196 46 4 0 0 0
1.165 192 46 4 0 0 0
1.166 188 46 4 0 0 0
1.167 192 46 4 0 0 0
1.168 192 46 4 0 0 0
1.169 197 46 4 0 0 0
1.17 196 46 4 0 0 0
1.171 192 46 4 0 0 0
1.172 191 46 4 0 0 0
1.173 191 46 4 0 0 0
1.174 195 46 4 0 0 0
1.175 193 46 4 0 0 0
1.176 189 46 4 0 0 0
1.177 194 46 4 0 0 0
1.178 185 46 4 0 0 0
1.179 186 46 4 0 0 0
1.18 191 46 4 0 0 0
1.181 189 46 4 0 0 0
1.182 184 46 4 0 0 0
1.183 185 46 4 0 0 0
1.184 185 46 4 0 0 0
1.185 185 46 4 0 0 0
1.186 179 46 4 0 0 0
1.187 182 46 4 0 0 0
1.188 187 46 4 0 0 0
1.189 195 46 4 0 0 0
1.19 190 46 4 0 0 0
1.191 197 46 4 0 0 0
1.192 187 46 4 0 0 0
1.193 191 46 4 0 0 0
1.194 192 46 4 0 0 0
1.195 187 46 4 0 0 0
1.196 186 46 4 0 0 0
1.197 185 46 4 0 0 0
1.198 190 46 4 0 0 0
1.199 184 46 4 0 0 0
1.2 181 46 4 0 0 0
1.201 183 46 4 0 0 0
1.202 186 46 4 0 0 0
1.203 186 46 4 0 0 0
1.204 183 46 4 0 0 0
1.205 185 46 4 0 0 0
1.206 185 46 4 0 0 0
1.207 186 46 4 0 0 0
1.208 192 46 4 0 0 0
1.209 187 46 4 0 0 0
1.21 189 46 4 0 0 0
1.211 184 46 4 0 0 0
1.212 186 46 4 0 0 0
1.213 190 46 4 0 0 0
1.214 189 46 4 0 0 0
1.215 178 46 4 0 0 0
1.216 177 46 4 0 0 0
1.217 175 46 4 0 0 0
1.218 176 46 4 0 0 0
1.219 179 46 4 0 0 0
1.22 174 46 4 0 0 0
1.221 173 45 5 0 0 0
1.222 180 45 5 0 0 0
1.223 182 45 5 0 0 0
1.224 183 45 5 0 0 0
1.225 185 45 5 0 0 0
1.226 184 45 5 0 0 0
1.227 181 45 5 0 0 0
1.228 193 45 5 0 0 0
1.229 187 45 5 0 0 0
1.23 187 45 5 0 0 0
1.231 181 45 5 0 0 0
1.232 182 45 5 0 0 0
1.233 181 45 5 0 0 0
1.234 184 45 5 0 0 0
1.235 178 45 5 0 0 0
1.236 175 45 5 0 0 0
1.237 174 45 5 0 0 0
1.238 179 45 5 0 0 0
1.239 178 45 5 0 0 0
1.24 179 45 5 0 0 0
1.241 185 45 5 0 0 0
1.242 180 45 5 0 0 0
1.243 184 45 5 0 0 0
1.244 185 45 5 0 0 0
1.245 186 45 5 0 0 0
1.246 184 45 5 0 0 0
1.247 181 45 5 0 0 0
1.248 184 45 5 0 0 0
1.249 179 45 5 0 0 0
1.25 182 45 5 0 0 0
1.251 181 45 5 0 0 0
1.252 188 45 5 0 0 0
1.253 180 45 5 0 0 0
1.254 188 45 5 0 0 0
1.255 191 45 5 0 0 0
1.256 187 45 5 0 0 0
1.257 174 45 5 0 0 0
1.258 180 45 5 0 0 0
1.259 177 45 5 0 0 0
1.26 183 45 5 0 0 0
1.261 185 45 5 0 0 0
1.262 193 45 5 0 0 0
1.263 188 45 5 0 0 0
1.264 189 45 5 0 0 0
1.265 193 45 5 0 0 0
1.266 189 45 5 0 0 0
1.267 188 45 5 0 0 0
1.268 184 45 5 0 0 0
1.269 185 45 5 0 0 0
1.27 185 45 5 0 0 0
1.271 182 45 5 0 0 0
1.272 187 45 5 0 0 0
1.273 190 45 5 0 0 0
1.274 186 45 5 0 0 0
1.275 194 45 5 0 0 0
1.276 198 45 5 0 0 0
1.277 195 45 5 0 0 0
1.278 195 45 5 0 0 0
1.279 200 45 5 0 0 0
1.28 197 45 5 0 0 0
1.281 195 45 5 0 0 0
1.282 195 45 5 0 0 0
1.283 191 45 5 0 0 0
1.284 200 45 5 0 0 0
1.285 201 45 5 0 0 0
1.286 197 45 5 0 0 0
1.287 203 45 5 0 0 0
1.288 203 45 5 0 0 0
1.289 203 45 5 0 0 0
1.29 202 45 5 0 0 0
1.291 203 45 5 0 0 0
1.292 206 45 5 0 0 0
1.293 203 45 5 0 0 0
1.294 202 45 5 0 0 0
1.295 203 45 5 0 0 0
1.296 203 45 5 0 0 0
1.297 200 45 5 0 0 0
1.298 200 45 5 0 0 0
1.299 197 45 5 0 0 0
1.3 196 45 5 0 0 0
1.301 198 45 5 0 0 0
1.302 189 45 5 0 0 0
1.303 197 45 5 0 0 0
1.304 193 45 5 0 0 0
1.305 194 45 5 0 0 0
1.306 192 45 5 0 0 0
1.307 189 45 5 0 0 0
1.308 191 45 5 0 0 0
1.309 195 45 5 0 0 0
1.31 193 45 5 0 0 0
1.311 192 45 5 0 0 0
1.312 189 45 5 0 0 0
1.313 187 45 5 0 0 0
1.314 186 45 5 0 0 0
1.315 188 45 5 0 0 0
1.316 191 45 5 0 0 0
1.317 194 45 5 0 0 0
1.318 196 45 5 0 0 0
1.319 198 45 5 0 0 0
1.32 193 45 5 0 0 0
1.321 197 45 5 0 0 0
1.322 195 45 5 0 0 0
1.323 193 45 5 0 0 0
1.324 193 45 5 0 0 0
1.325 195 45 5 0 0 0
1.326 196 45 5 0 0 0
1.327 197 45 5 0 0 0
1.328 191 45 5 0 0 0
1.329 189 45 5 0 0 0
1.33 194 45 5 0 0 0
1.331 200 45 5 0 0 0
1.332 196 45 5 0 0 0
1.333 197 45 5 0 0 0
1.334 198 45 5 0 0 0
1.335 196 45 5 0 0 0
1.336 197 45 5 0 0 0
1.337 191 45 5 0 0 0
1.338 199 45 5 0 0 0
1.339 200 45 5 0 0 0
1.34 195 45 5 0 0 0
1.341 193 45 5 0 0 0
1.342 193 45 5 0 0 0
1.343 183 45 5 0 0 0
1.344 190 45 5 0 0 0
1.345 196 45 5 0 0 0
1.346 189 45 5 0 0 0
1.347 192 44 6 0 0 0
1.348 190 44 6 0 0 0
1.349 192 44 6 0 0 0
1.35 190 44 6 0 0 0
1.351 194 44 6 0 0 0
1.352 192 44 6 0 0 0
1.353 194 44 6 0 0 0
1.354 204 44 6 0 0 0
1.355 189 44 6 0 0 0
1.356 196 44 6 0 0 0
1.357 202 44 6 0 0 0
1.358 199 44 6 0 0 0
1.359 205 44 6 0 0 0
1.36 201 44 6 0 0 0
1.361 201 44 6 0 0 0
1.362 200 44 6 0 0 0
1.363 198 44 6 0 0 0
1.364 198 44 6 0 0 0
1.365 206 44 6 0 0 0
1.366 207 44 6 0 0 0
1.367 209 44 6 0 0 0
1.368 202 44 6 0 0 0
1.369 203 44 6 0 0 0
1.37 202 44 6 0 0 0
1.371 204 44 6 0 0 0
1.372 204 44 6 0 0 0
1.373 199 44 6 0 0 0
1.374 199 44 6 0 0 0
1.375 204 44 6 0 0 0
1.376 208 44 6 0 0 0
1.377 204 44 6 0 0 0
1.378 204 44 6 0 0 0
1.379 204 44 6 0 0 0
1.38 211 44 6 0 0 0
1.381 208 44 6 0 0 0
1.382 212 44 6 0 0 0
1.383 214 44 6 0 0 0
1.384 212 44 6 0 0 0
1.385 208 44 6 0 0 0
1.386 217 44 6 0 0 0
1.387 212 44 6 0 0 0
1.388 218 44 6 0 0 0
1.389 220 44 6 0 0 0
1.39 212 44 6 0 0 0
1.391 213 44 6 0 0 0
1.392 220 44 6 0 0 0
1.393 218 44 6 0 0 0
1.394 220 44 6 0 0 0
1.395 220 44 6 0 0 0
1.396 216 44 6 0 0 0
1.397 215 44 6 0 0 0
1.398 210 44 6 0 0 0
1.399 214 44 6 0 0 0
1.4 213 44 6 0 0 0
1.401 215 44 6 0 0 0
1.402 213 44 6 0 0 0
1.403 213 44 6 0 0 0
1.404 219 44 6 0 0 0
1.405 215 44 6 0 0 0
1.406 215 44 6 0 0 0
1.407 209 44 6 0 0 0
1.408 210 44 6 0 0 0
1.409 211 44 6 0 0 0
1.41 212 44 6 0 0 0
1.411 210 44 6 0 0 0
1.412 214 44 6 0 0 0
1.413 208 44 6 0 0 0
1.414 204 44 6 0 0 0
1.415 203 44 6 0 0 0
1.416 205 44 6 0 0 0
1.417 202 44 6 0 0 0
1.418 207 44 6 0 0 0
1.419 206 44 6 0 0 0
1.42 207 44 6 0 0 0
1.421 204 44 6 0 0 0
1.422 206 44 6 0 0 0
1.423 205 44 6 0 0 0
1.424 208 44 6 0 0 0
1.425 206 44 6 0 0 0
1.426 209 44 6 0 0 0
1.427 212 44 6 0 0 0
1.428 211 44 6 0 0 0
1.429 202 44 6 0 0 0
1.43 204 44 6 0 0 0
1.431 201 44 6 0 0 0
1.432 200 44 6 0 0 0
1.433 199 44 6 0 0 0
1.434 199 44 6 0 0 0
1.435 199 44 6 0 0 0
1.436 197 44 6 0 0 0
1.437 200 44 6 0 0 0
1.438 202 44 6 0 0 0
1.439 194 44 6 0 0 0
1.44 202 44 6 0 0 0
1.441 203 44 6 0 0 0
1.442 208 44 6 0 0 0
1.443 207 44 6 0 0 0
1.444 210 44 6 0 0 0
1.445 206 44 6 0 0 0
1.446 203 44 6 0 0 0
1.447 203 44 6 0 0 0
1.448 203 44 6 0 0 0
1.449 200 44 6 0 0 0
1.45 204 44 6 0 0 0
1.451 201 44 6 0 0 0
1.452 200 44 6 0 0 0
1.453 206 44 6 0 0 0
1.454 203 44 6 0 0 0
1.455 203 44 6 0 0 0
1.456 202 44 6 0 0 0
1.457 199 44 6 0 0 0
1.458 196 44 6 0 0 0
1.459 202 44 6 0 0 0
1.46 200 44 6 0 0 0
1.461 205 44 6 0 0 0
1.462 204 44 6 0 0 0
1.463 206 44 6 0 0 0
1.464 208 44 6 0 0 0
1.465 208 44 6 0 0 0
1.466 211 44 6 0 0 0
1.467 206 44 6 0 0 0
1.468 199 44 6 0 0 0
1.469 203 44 6 0 0 0
1.47 202 44 6 0 0 0
1.471 203 44 6 0 0 0
1.472 202 44 6 0 0 0
1.473 205 44 6 0 0 0
1.474 206 44 6 0 0 0
1.475 199 44 6 0 0 0
1.476 197 44 6 0 0 0
1.477 195 44 6 0 0 0
1.478 204 44 6 0 0 0
1.479 203 44 6 0 0 0
1.48 200 44 6 0 0 0
1.481 201 44 6 0 0 0
1.482 199 44 6 0 0 0
1.483 189 44 6 0 0 0
1.484 191 44 6 0 0 0
1.485 194 44 6 0 0 0
1.486 192 44 6 0 0 0
1.487 194 44 6 0 0 0
1.488 192 44 6 0 0 0
1.489 195 44 6 0 0 0
1.49 192 44 6 0 0 0
1.491 191 44 6 0 0 0
1.492 195 44 6 0 0 0
1.493 191 44 6 0 0 0
1.494 198 44 6 0 0 0
1.495 194 44 6 0 0 0
1.496 201 44 6 0 0 0
1.497 201 44 6 0 0 0
1.498 199 44 6 0 0 0
1.499 202 44 6 0 0 0
1.5 210 44 6 0 0 0
1.501 208 44 6 0 0 0
1.502 211 44 6 0 0 0
1.503 206 44 6 0 0 0
1.504 199 44 6 0 0 0
1.505 202 44 6 0 0 0
1.506 201 44 6 0 0 0
1.507 197 44 6 0 0 0
1.508 194 44 6 0 0 0
1.509 193 44 6 0 0 0
1.51 191 44 6 0 0 0
1.511 193 44 6 0 0 0
1.512 188 44 6 0 0 0
1.513 191 44 6 0 0 0
1.514 198 44 6 0 0 0
1.515 193 44 6 0 0 0
1.516 192 44 6 0 0 0
1.517 193 44 6 0 0 0
1.518 196 44 6 0 0 0
1.519 199 44 6 0 0 0
1.52 199 44 6 0 0 0
1.521 199 44 6 0 0 0
1.522 198 44 6 0 0 0
1.523 201 44 6 0 0 0
1.524 194 44 6 0 0 0
1.525 193 44 6 0 0 0
1.526 189 44 6 0 0 0
1.527 182 44 6 0 0 0
1.528 187 44 6 0 0 0
1.529 188 44 6 0 0 0
1.53 192 44 6 0 0 0
1.531 189 44 6 0 0 0
1.532 183 44 6 0 0 0
1.533 182 44 6 0 0 0
1.534 182 44 6 0 0 0
1.535 184 44 6 0 0 0
1.536 186 44 6 0 0 0
1.537 186 44 6 0 0 0
1.538 187 44 6 0 0 0
1.539 186 44 6 0 0 0
1.54 185 44 6 0 0 0
1.541 183 44 6 0 0 0
1.542 183 44 6 0 0 0
1.543 190 44 6 0 0 0
1.544 187 44 6 0 0 0
1.545 190 44 6 0 0 0
1.546 190 44 6 0 0 0
1.547 187 44 6 0 0 0
1.548 183 44 6 0 0 0
1.549 193 44 6 0 0 0
1.55 188 44 6 0 0 0
1.551 195 44 6 0 0 0
1.552 193 44 6 0 0 0
1.553 191 44 6 0 0 0
1.554 202 44 6 0 0 0
1.555 199 44 6 0 0 0
1.556 190 44 6 0 0 0
1.557 193 44 6 0 0 0
1.558 192 44 6 0 0 0
1.559 186 44 6 0 0 0
1.56 188 44 6 0 0 0
1.561 192 44 6 0 0 0
1.562 193 44 6 0 0 0
1.563 194 44 6 0 0 0
1.564 192 44 6 0 0 0
1.565 189 44 6 0 0 0
1.566 194 44 6 0 0 0
1.567 197 44 6 0 0 0
1.568 194 44 6 0 0 0
1.569 197 44 6 0 0 0
1.57 196 44 6 0 0 0
1.571 191 44 6 0 0 0
1.572 187 44 6 0 0 0
1.573 190 44 6 0 0 0
1.574 192 44 6 0 0 0
1.575 198 44 6 0 0 0
1.576 202 44 6 0 0 0
1.577 200 44 6 0 0 0
1.578 196 44 6 0 0 0
1.579 192 44 6 0 0 0
1.58 189 44 6 0 0 0
1.581 190 44 6 0 0 0
1.582 184 44 6 0 0 0
1.583 186 44 6 0 0 0
1.584 193 44 6 0 0 0
1.585 190 44 6 0 0 0
1.586 194 44 6 0 0 0
1.587 196 44 6 0 0 0
1.588 190 44 6 0 0 0
1.589 190 44 6 0 0 0
1.59 185 44 6 0 0 0
1.591 183 44 6 0 0 0
1.592 186 44 6 0 0 0
1.593 183 44 6 0 0 0
1.594 189 44 6 0 0 0
1.595 186 44 6 0 0 0
1.596 187 44 6 0 0 0
1.597 180 44 6 0 0 0
1.598 183 44 6 0 0 0
1.599 187 44 6 0 0 0
1.6 182 44 6 0 0 0
1.601 181 44 6 0 0 0
1.602 183 44 6 0 0 0
1.603 183 44 6 0 0 0
1.604 183 44 6 0 0 0
1.605 186 44 6 0 0 0
1.606 192 44 6 0 0 0
1.607 191 44 6 0 0 0
1.608 192 44 6 0 0 0
1.609 193 44 6 0 0 0
1.61 195 44 6 0 0 0
1.611 199 44 6 0 0 0
1.612 193 44 6 0 0 0
1.613 196 44 6 0 0 0
1.614 197 44 6 0 0 0
1.615 194 44 6 0 0 0
1.616 193 44 6 0 0 0
1.617 195 44 6 0 0 0
1.618 194 44 6 0 0 0
1.619 193 44 6 0 0 0
1.62 202 44 6 0 0 0
1.621 195 44 6 0 0 0
1.622 197 44 6 0 0 0
1.623 200 44 6 0 0 0
1.624 202 44 6 0 0 0
1.625 198 44 6 0 0 0
1.626 201 44 6 0 0 0
1.627 202 44 6 0 0 0
1.628 198 44 6 0 0 0
1.629 197 44 6 0 0 0
1.63 204 44 6 0 0 0
1.631 201 44 6 0 0 0
1.632 202 44 6 0 0 0
1.633 196 44 6 0 0 0
1.634 197 44 6 0 0 0
1.635 202 44 6 0 0 0
1.636 196 44 6 0 0 0
1.637 198 44 6 0 0 0
1.638 200 44 6 0 0 0
1.639 202 44 6 0 0 0
1.64 199 44 6 0 0 0
1.641 201 44 6 0 0 0
1.642 202 44 6 0 0 0
1.643 203 44 6 0 0 0
1.644 197 44 6 0 0 0
1.645 202 44 6 0 0 0
1.646 201 44 6 0 0 0
1.647 202 44 6 0 0 0
1.648 201 44 6 0 0 0
1.649 202 44 6 0 0 0
1.65 204 44 6 0 0 0
1.651 203 44 6 0 0 0
1.652 195 44 6 0 0 0
1.653 197 44 6 0 0 0
1.654 202 44 6 0 0 0
1.655 206 44 6 0 0 0
1.656 202 44 6 0 0 0
1.657 209 44 6 0 0 0
1.658 208 44 6 0 0 0
1.659 203 44 6 0 0 0
1.66 202 44 6 0 0 0
1.661 202 44 6 0 0 0
1.662 198 44 6 0 0 0
1.663 192 44 6 0 0 0
1.664 193 44 6 0 0 0
1.665 194 44 6 0 0 0
1.666 195 44 6 0 0 0
1.667 191 44 6 0 0 0
1.668 189 44 6 0 0 0
1.669 191 44 6 0 0 0
1.67 187 44 6 0 0 0
1.671 191 44 6 0 0 0
1.672 187 44 6 0 0 0
1.673 187 44 6 0 0 0
1.674 195 44 6 0 0 0
1.675 192 44 6 0 0 0
1.676 187 44 6 0 0 0
1.677 189 44 6 0 0 0
1.678 190 44 6 0 0 0
1.679 185 44 6 0 0 0
1.68 187 44 6 0 0 0
1.681 191 44 6 0 0 0
1.682 185 44 6 0 0 0
1.683 187 44 6 0 0 0
1.684 192 44 6 0 0 0
1.685 191 44 6 0 0 0
1.686 196 44 6 0 0 0
1.687 192 44 6 0 0 0
1.688 197 44 6 0 0 0
1.689 194 44 6 0 0 0
1.69 194 44 6 0 0 0
1.691 198 44 6 0 0 0
1.692 194 44 6 0 0 0
1.693 191 44 6 0 0 0
1.694 193 44 6 0 0 0
1.695 187 44 6 0 0 0
1.696 185 44 6 0 0 0
1.697 189 44 6 0 0 0
1.698 187 44 6 0 0 0
1.699 185 44 6 0 0 0
1.7 189 44 6 0 0 0
1.701 189 44 6 0 0 0
1.702 182 44 6 0 0 0
1.703 179 44 6 0 0 0
1.704 182 44 6 0 0 0
1.705 190 44 6 0 0 0
1.706 198 44 6 0 0 0
1.707 194 44 6 0 0 0
1.708 194 44 6 0 0 0
1.709 192 44 6 0 0 0
1.71 190 44 6 0 0 0
1.711 186 44 6 0 0 0
1.712 188 44 6 0 0 0
1.713 192 44 6 0 0 0
1.714 182 44 6 0 0 0
1.715 190 44 6 0 0 0
1.716 189 44 6 0 0 0
1.717 187 44 6 0 0 0
1.718 185 44 6 0 0 0
1.719 178 44 6 0 0 0
1.72 180 44 6 0 0 0
1.721 180 44 6 0 0 0
1.722 184 44 6 0 0 0
1.723 185 44 6 0 0 0
1.724 194 44 6 0 0 0
1.725 197 44 6 0 0 0
1.726 199 44 6 0 0 0
1.727 190 44 6 0 0 0
1.728 185 44 6 0 0 0
1.729 185 44 6 0 0 0
1.73 189 44 6 0 0 0
1.731 185 44 6 0 0 0
1.732 184 44 6 0 0 0
1.733 191 44 6 0 0 0
1.734 193 44 6 0 0 0
1.735 185 44 6 0 0 0
1.736 184 44 6 0 0 0
1.737 185 44 6 0 0 0
1.738 186 44 6 0 0 0
1.739 185 44 6 0 0 0
1.74 186 44 6 0 0 0
1.741 184 44 6 0 0 0
1.742 184 44 6 0 0 0
1.743 181 44 6 0 0 0
1.744 187 44 6 0 0 0
1.745 190 44 6 0 0 0
1.746 190 44 6 0 0 0
1.747 189 44 6 0 0 0
1.748 190 44 6 0 0 0
1.749 190 44 6 0 0 0
1.75 194 44 6 0 0 0
1.751 193 44 6 0 0 0
1.752 194 44 6 0 0 0
1.753 193 44 6 0 0 0
1.754 190 44 6 0 0 0
1.755 193 44 6 0 0 0
1.756 194 44 6 0 0 0
1.757 194 44 6 0 0 0
1.758 191 44 6 0 0 0
1.759 192 44 6 0 0 0
1.76 189 44 6 0 0 0
1.761 189 44 6 0 0 0
1.762 192 44 6 0 0 0
1.763 191 44 6 0 0 0
1.764 191 44 6 0 0 0
1.765 191 44 6 0 0 0
1.766 192 44 6 0 0 0
1.767 193 44 6 0 0 0
1.768 197 44 6 0 0 0
1.769 197 44 6 0 0 0
1.77 191 44 6 0 0 0
1.771 184 44 6 0 0 0
1.772 190 44 6 0 0 0
1.773 192 44 6 0 0 0
1.774 192 44 6 0 0 0
1.775 194 44 6 0 0 0
1.776 191 44 6 0 0 0
1.777 188 44 6 0 0 0
1.778 195 44 6 0 0 0
1.779 196 44 6 0 0 0
1.78 193 44 6 0 0 0
1.781 198 44 6 0 0 0
1.782 196 44 6 0 0 0
1.783 202 44 6 0 0 0
1.784 200 44 6 0 0 0
1.785 204 44 6 0 0 0
1.786 203 44 6 0 0 0
1.787 202 44 6 0 0 0
1.788 209 44 6 0 0 0
1.789 198 44 6 0 0 0
1.79 202 44 6 0 0 0
1.791 205 44 6 0 0 0
1.792 211 44 6 0 0 0
1.793 209 44 6 0 0 0
1.794 204 44 6 0 0 0
1.795 200 44 6 0 0 0
1.796 205 44 6 0 0 0
1.797 201 44 6 0 0 0
1.798 202 44 6 0 0 0
1.799 205 44 6 0 0 0
1.8 208 44 6 0 0 0
1.801 204 44 6 0 0 0
1.802 209 44 6 0 0 0
1.803 204 44 6 0 0 0
1.804 208 44 6 0 0 0
1.805 200 44 6 0 0 0
1.806 200 44 6 0 0 0
1.807 200 44 6 0 0 0
1.808 203 44 6 0 0 0
1.809 199 44 6 0 0 0
1.81 194 44 6 0 0 0
1.811 192 44 6 0 0 0
1.812 192 44 6 0 0 0
1.813 196 44 6 0 0 0
1.814 187 44 6 0 0 0
1.815 189 44 6 0 0 0
1.816 188 44 6 0 0 0
1.817 186 44 6 0 0 0
1.818 193 44 6 0 0 0
1.819 192 44 6 0 0 0
1.82 189 44 6 0 0 0
1.821 184 44 6 0 0 0
1.822 188 44 6 0 0 0
1.823 182 44 6 0 0 0
1.824 186 44 6 0 0 0
1.825 182 44 6 0 0 0
1.826 188 44 6 0 0 0
1.827 187 44 6 0 0 0
1.828 185 44 6 0 0 0
1.829 186 44 6 0 0 0
1.83 187 44 6 0 0 0
1.831 179 44 6 0 0 0
1.832 185 44 6 0 0 0
1.833 186 44 6 0 0 0
1.834 184 44 6 0 0 0
1.835 184 44 6 0 0 0
1.836 192 44 6 0 0 0
1.837 191 44 6 0 0 0
1.838 189 44 6 0 0 0
1.839 189 44 6 0 0 0
1.84 187 44 6 0 0 0
1.841 190 44 6 0 0 0
1.842 195 44 6 0 0 0
1.843 199 44 6 0 0 0
1.844 204 44 6 0 0 0
1.845 202 44 6 0 0 0
1.846 195 44 6 0 0 0
1.847 196 44 6 0 0 0
1.848 198 44 6 0 0 0
1.849 199 44 6 0 0 0
1.85 200 44 6 0 0 0
1.851 206 44 6 0 0 0
1.852 209 44 6 0 0 0
1.853 210 44 6 0 0 0
1.854 214 44 6 0 0 0
1.855 213 44 6 0 0 0
1.856 206 44 6 0 0 0
1.857 211 44 6 0 0 0
1.858 206 44 6 0 0 0
1.859 205 43 7 0 0 0
1.86 209 43 7 0 0 0
1.861 210 43 7 0 0 0
1.862 207 43 7 0 0 0
1.863 203 43 7 0 0 0
1.864 201 43 7 0 0 0
1.865 202 43 7 0 0 0
1.866 203 43 7 0 0 0
1.867 208 43 7 0 0 0
1.868 207 43 7 0 0 0
1.869 204 43 7 0 0 0
1.87 204 43 7 0 0 0
1.871 204 43 7 0 0 0
1.872 202 43 7 0 0 0
1.873 203 43 7 0 0 0
1.874 204 43 7 0 0 0
1.875 204 43 7 0 0 0
1.876 206 43 7 0 0 0
1.877 201 43 7 0 0 0
1.878 202 43 7 0 0 0
1.879 207 43 7 0 0 0
1.88 207 43 7 0 0 0
1.881 203 43 7 0 0 0
1.882 200 43 7 0 0 0
1.883 204 43 7 0 0 0
1.884 201 43 7 0 0 0
1.885 203 43 7 0 0 0
1.886 204 43 7 0 0 0
1.887 209 43 7 0 0 0
1.888 209 43 7 0 0 0
1.889 207 43 7 0 0 0
1.89 215 43 7 0 0 0
1.891 214 43 7 0 0 0
1.892 209 43 7 0 0 0
1.893 215 43 7 0 0 0
1.894 217 43 7 0 0 0
1.895 212 43 7 0 0 0
1.896 208 43 7 0 0 0
1.897 212 43 7 0 0 0
1.898 210 43 7 0 0 0
1.899 209 43 7 0 0 0
1.9 209 43 7 0 0 0
1.901 208 43 7 0 0 0
1.902 211 43 7 0 0 0
1.903 214 43 7 0 0 0
1.904 216 43 7 0 0 0
1.905 211 43 7 0 0 0
1.906 213 43 7 0 0 0
1.907 216 43 7 0 0 0
1.908 216 43 7 0 0 0
1.909 219 43 7 0 0 0
1.91 213 43 7 0 0 0
1.911 210 43 7 0 0 0
1.912 214 43 7 0 0 0
1.913 209 43 7 0 0 0
1.914 209 43 7 0 0 0
1.915 210 43 7 0 0 0
1.916 209 43 7 0 0 0
1.917 212 43 7 0 0 0
1.918 211 43 7 0 0 0
1.919 208 43 7 0 0 0
1.92 196 43 7 0 0 0
1.921 204 43 7 0 0 0
1.922 200 43 7 0 0 0
1.923 199 43 7 0 0 0
1.924 200 43 7 0 0 0
1.925 195 43 7 0 0 0
1.926 202 43 7 0 0 0
1.927 206 43 7 0 0 0
1.928 208 43 7 0 0 0
1.929 211 43 7 0 0 0
1.93 209 43 7 0 0 0
1.931 204 43 7 0 0 0
1.932 202 43 7 0 0 0
1.933 205 43 7 0 0 0
1.934 210 43 7 0 0 0
1.935 211 43 7 0 0 0
1.936 220 43 7 0 0 0
1.937 210 43 7 0 0 0
1.938 212 43 7 0 0 0
1.939 208 43 7 0 0 0
1.94 206 43 7 0 0 0
1.941 205 43 7 0 0 0
1.942 211 43 7 0 0 0
1.943 212 43 7 0 0 0
1.944 213 43 7 0 0 0
1.945 206 43 7 0 0 0
1.946 200 43 7 0 0 0
1.947 202 43 7 0 0 0
1.948 209 43 7 0 0 0
1.949 209 43 7 0 0 0
1.95 205 43 7 0 0 0
1.951 201 43 7 0 0 0
1.952 203 43 7 0 0 0
1.953 201 43 7 0 0 0
1.954 199 43 7 0 0 0
1.955 200 43 7 0 0 0
1.956 203 43 7 0 0 0
1.957 208 43 7 0 0 0
1.958 206 43 7 0 0 0
1.959 205 43 7 0 0 0
1.96 205 43 7 0 0 0
1.961 208 43 7 0 0 0
1.962 200 43 7 0 0 0
1.963 204 43 7 0 0 0
1.964 201 43 7 0 0 0
1.965 197 43 7 0 0 0
1.966 198 43 7 0 0 0
1.967 194 43 7 0 0 0
1.968 193 43 7 0 0 0
1.969 195 43 7 0 0 0
1.97 200 43 7 0 0 0
1.971 204 43 7 0 0 0
1.972 205 43 7 0 0 0
1.973 196 43 7 0 0 0
1.974 199 43 7 0 0 0
1.975 196 43 7 0 0 0
1.976 195 43 7 0 0 0
1.977 200 43 7 0 0 0
1.978 207 43 7 0 0 0
1.979 196 43 7 0 0 0
1.98 191 43 7 0 0 0
1.981 190 43 7 0 0 0
1.982 190 43 7 0 0 0
1.983 190 43 7 0 0 0
1.984 189 43 7 0 0 0
1.985 185 43 7 0 0 0
1.986 191 43 7 0 0 0
1.987 195 43 7 0 0 0
1.988 200 43 7 0 0 0
1.989 204 43 7 0 0 0
1.99 202 43 7 0 0 0
1.991 206 43 7 0 0 0
1.992 205 43 7 0 0 0
1.993 202 43 7 0 0 0
1.994 202 43 7 0 0 0
1.995 203 43 7 0 0 0
1.996 203 43 7 0 0 0
1.997 208 43 7 0 0 0
1.998 204 43 7 0 0 0
1.999 202 43 7 0 0 0
2 202 43 7 0 0 0
2.001 208 43 7 0 0 0
2.002 208 43 7 0 0 0
2.003 205 43 7 0 0 0
2.004 202 43 7 0 0 0
2.005 207 43 7 0 0 0
2.006 210 43 7 0 0 0
2.007 210 43 7 0 0 0
2.008 200 43 7 0 0 0
2.009 200 42 8 0 0 0
2.01 202 42 8 0 0 0
2.011 197 42 8 0 0 0
2.012 195 42 8 0 0 0
2.013 196 42 8 0 0 0
2.014 190 42 8 0 0 0
2.015 189 42 8 0 0 0
2.016 194 42 8 0 0 0
2.017 193 42 8 0 0 0
2.018 201 42 8 0 0 0
2.019 201 42 8 0 0 0
2.02 203 42 8 0 0 0
2.021 203 42 8 0 0 0
2.022 201 42 8 0 0 0
2.023 192 42 8 0 0 0
2.024 207 42 8 0 0 0
2.025 211 42 8 0 0 0
2.026 214 42 8 0 0 0
2.027 210 42 8 0 0 0
2.028 207 42 8 0 0 0
2.029 203 42 8 0 0 0
2.03 199 42 8 0 0 0
2.031 198 42 8 0 0 0
2.032 199 42 8 0 0 0
2.033 200 42 8 0 0 0
2.034 196 42 8 0 0 0
2.035 191 42 8 0 0 0
2.036 195 42 8 0 0 0
2.037 200 42 8 0 0 0
2.038 197 42 8 0 0 0
2.039 202 42 8 0 0 0
2.04 208 42 8 0 0 0
2.041 210 42 8 0 0 0
2.042 215 42 8 0 0 0
2.043 205 42 8 0 0 0
2.044 208 42 8 0 0 0
2.045 204 42 8 0 0 0
2.046 203 42 8 0 0 0
2.047 203 42 8 0 0 0
2.048 199 42 8 0 0 0
2.049 203 42 8 0 0 0
2.05 199 42 8 0 0 0
2.051 198 42 8 0 0 0
2.052 203 42 8 0 0 0
2.053 208 42 8 0 0 0
2.054 196 42 8 0 0 0
2.055 203 42 8 0 0 0
2.056 196 42 8 0 0 0
2.057 197 42 8 0 0 0
2.058 196 42 8 0 0 0
2.059 188 42 8 0 0 0
2.06 194 42 8 0 0 0
2.061 194 42 8 0 0 0
2.062 197 42 8 0 0 0
2.063 195 42 8 0 0 0
2.064 195 42 8 0 0 0
2.065 188 42 8 0 0 0
2.066 190 42 8 0 0 0
2.067 186 42 8 0 0 0
2.068 185 42 8 0 0 0
2.069 187 42 8 0 0 0
2.07 193 42 8 0 0 0
2.071 190 42 8 0 0 0
2.072 195 42 8 0 0 0
2.073 189 42 8 0 0 0
2.074 194 42 8 0 0 0
2.075 194 42 8 0 0 0
2.076 191 42 8 0 0 0
2.077 191 42 8 0 0 0
2.078 189 42 8 0 0 0
2.079 187 42 8 0 0 0
2.08 188 42 8 0 0 0
2.081 184 42 8 0 0 0
2.082 185 42 8 0 0 0
2.083 187 41 9 0 0 0
2.084 186 41 9 0 0 0
2.085 185 41 9 0 0 0
2.086 179 41 9 0 0 0
2.087 179 41 9 0 0 0
2.088 180 41 9 0 0 0
2.089 174 41 9 0 0 0
2.09 185 41 9 0 0 0
2.091 187 41 9 0 0 0
2.092 183 41 9 0 0 0
2.093 188 41 9 0 0 0
2.094 194 41 9 0 0 0
2.095 196 41 9 0 0 0
2.096 193 41 9 0 0 0
2.097 183 41 9 0 0 0
2.098 187 41 9 0 0 0
2.099 193 41 9 0 0 0
2.1 194 41 9 0 0 0
2.101 190 41 9 0 0 0
2.102 192 41 9 0 0 0
2.103 191 41 9 0 0 0
2.104 194 41 9 0 0 0
2.105 190 41 9 0 0 0
2.106 189 41 9 0 0 0
2.107 193 41 9 0 0 0
2.108 194 41 9 0 0 0
2.109 188 41 9 0 0 0
2.11 185 41 9 0 0 0
2.111 191 41 9 0 0 0
2.112 196 41 9 0 0 0
2.113 190 41 9 0 0 0
2.114 193 41 9 0 0 0
2.115 193 41 9 0 0 0
2.116 196 41 9 0 0 0
2.117 198 41 9 0 0 0
2.118 197 41 9 0 0 0
2.119 197 41 9 0 0 0
2.12 197 41 9 0 0 0
2.121 200 41 9 0 0 0
2.122 198 41 9 0 0 0
2.123 192 41 9 0 0 0
2.124 194 41 9 0 0 0
2.125 191 41 9 0 0 0
2.126 194 41 9 0 0 0
2.127 193 41 9 0 0 0
2.128 195 41 9 0 0 0
2.129 194 41 9 0 0 0
2.13 194 41 9 0 0 0
2.131 189 41 9 0 0 0
2.132 191 41 9 0 0 0
2.133 194 41 9 0 0 0
2.134 187 41 9 0 0 0
2.135 187 41 9 0 0 0
2.136 186 41 9 0 0 0
2.137 191 42 8 0 0 0
2.138 185 42 8 0 0 0
2.139 185 42 8 0 0 0
2.14 188 42 8 0 0 0
2.141 191 42 8 0 0 0
2.142 188 42 8 0 0 0
2.143 189 42 8 0 0 0
2.144 188 42 8 0 0 0
2.145 184 42 8 0 0 0
2.146 182 42 8 0 0 0
2.147 183 42 8 0 0 0
2.148 179 42 8 0 0 0
2.149 186 42 8 0 0 0
2.15 184 42 8 0 0 0
2.151 183 42 8 0 0 0
2.152 189 42 8 0 0 0
2.153 184 42 8 0 0 0
2.154 182 42 8 0 0 0
2.155 189 42 8 0 0 0
2.156 192 42 8 0 0 0
2.157 190 42 8 0 0 0
2.158 190 42 8 0 0 0
2.159 190 42 8 0 0 0
2.16 185 42 8 0 0 0
2.161 185 42 8 0 0 0
2.162 185 42 8 0 0 0
2.163 187 42 8 0 0 0
2.164 188 42 8 0 0 0
2.165 189 42 8 0 0 0
2.166 189 42 8 0 0 0
2.167 196 42 8 0 0 0
2.168 194 42 8 0 0 0
2.169 192 42 8 0 0 0
2.17 193 42 8 0 0 0
2.171 192 42 8 0 0 0
2.172 192 42 8 0 0 0
2.173 184 42 8 0 0 0
2.174 185 42 8 0 0 0
2.175 187 42 8 0 0 0
2.176 188 42 8 0 0 0
2.177 191 42 8 0 0 0
2.178 193 42 8 0 0 0
2.179 195 42 8 0 0 0
2.18 193 42 8 0 0 0
2.181 197 42 8 0 0 0
2.182 192 42 8 0 0 0
2.183 194 42 8 0 0 0
2.184 193 42 8 0 0 0
2.185 191 42 8 0 0 0
2.186 194 42 8 0 0 0
2.187 190 42 8 0 0 0
2.188 196 42 8 0 0 0
2.189 192 42 8 0 0 0
2.19 192 42 8 0 0 0
2.191 197 42 8 0 0 0
2.192 199 42 8 0 0 0
2.193 198 42 8 0 0 0
2.194 205 42 8 0 0 0
2.195 204 42 8 0 0 0
2.196 201 42 8 0 0 0
2.197 202 42 8 0 0 0
2.198 206 42 8 0 0 0
2.199 201 42 8 0 0 0
2.2 201 42 8 0 0 0
2.201 198 42 8 0 0 0
2.202 198 42 8 0 0 0
2.203 195 42 8 0 0 0
2.204 196 42 8 0 0 0
2.205 200 42 8 0 0 0
2.206 194 42 8 0 0 0
2.207 198 42 8 0 0 0
2.208 202 42 8 0 0 0
2.209 202 42 8 0 0 0
2.21 206 42 8 0 0 0
2.211 207 42 8 0 0 0
2.212 200 42 8 0 0 0
2.213 202 42 8 0 0 0
2.214 202 42 8 0 0 0
2.215 206 42 8 0 0 0
2.216 204 42 8 0 0 0
2.217 211 42 8 0 0 0
2.218 218 42 8 0 0 0
2.219 219 42 8 0 0 0
2.22 216 42 8 0 0 0
2.221 219 42 8 0 0 0
2.222 217 42 8 0 0 0
2.223 213 42 8 0 0 0
2.224 214 42 8 0 0 0
2.225 206 42 8 0 0 0
2.226 207 42 8 0 0 0
2.227 209 42 8 0 0 0
2.228 207 42 8 0 0 0
2.229 212 42 8 0 0 0
2.23 220 42 8 0 0 0
2.231 220 42 8 0 0 0
2.232 216 42 8 0 0 0
2.233 221 42 8 0 0 0
2.234 221 42 8 0 0 0
2.235 222 42 8 0 0 0
2.236 220 42 8 0 0 0
2.237 214 42 8 0 0 0
2.238 214 42 8 0 0 0
2.239 212 42 8 0 0 0
2.24 212 42 8 0 0 0
2.241 212 42 8 0 0 0
2.242 210 42 8 0 0 0
2.243 215 42 8 0 0 0
2.244 217 42 8 0 0 0
2.245 214 42 8 0 0 0
2.246 212 42 8 0 0 0
2.247 212 42 8 0 0 0
2.248 218 42 8 0 0 0
2.249 213 42 8 0 0 0
2.25 214 42 8 0 0 0
2.251 211 42 8 0 0 0
2.252 213 42 8 0 0 0
2.253 213 42 8 0 0 0
2.254 215 42 8 0 0 0
2.255 211 42 8 0 0 0
2.256 206 42 8 0 0 0
2.257 208 42 8 0 0 0
2.258 205 42 8 0 0 0
2.259 199 42 8 0 0 0
2.26 198 42 8 0 0 0
2.261 198 42 8 0 0 0
2.262 201 42 8 0 0 0
2.263 194 42 8 0 0 0
2.264 199 42 8 0 0 0
2.265 199 42 8 0 0 0
2.266 202 42 8 0 0 0
2.267 198 42 8 0 0 0
2.268 201 42 8 0 0 0
2.269 201 42 8 0 0 0
2.27 205 42 8 0 0 0
2.271 195 42 8 0 0 0
2.272 196 42 8 0 0 0
2.273 191 42 8 0 0 0
2.274 191 42 8 0 0 0
2.275 194 42 8 0 0 0
2.276 189 42 8 0 0 0
2.277 193 42 8 0 0 0
2.278 198 42 8 0 0 0
2.279 200 42 8 0 0 0
2.28 193 42 8 0 0 0
2.281 202 42 8 0 0 0
2.282 199 42 8 0 0 0
2.283 210 42 8 0 0 0
2.284 203 42 8 0 0 0
2.285 199 42 8 0 0 0
2.286 203 42 8 0 0 0
2.287 205 42 8 0 0 0
2.288 202 42 8 0 0 0
2.289 205 42 8 0 0 0
2.29 194 42 8 0 0 0
2.291 194 42 8 0 0 0
2.292 198 42 8 0 0 0
2.293 195 42 8 0 0 0
2.294 200 42 8 0 0 0
2.295 199 42 8 0 0 0
2.296 205 42 8 0 0 0
2.297 202 42 8 0 0 0
2.298 194 42 8 0 0 0
2.299 195 42 8 0 0 0
2.3 198 42 8 0 0 0
2.301 206 42 8 0 0 0
2.302 206 42 8 0 0 0
2.303 201 42 8 0 0 0
2.304 201 42 8 0 0 0
2.305 201 42 8 0 0 0
2.306 200 42 8 0 0 0
2.307 198 42 8 0 0 0
2.308 204 42 8 0 0 0
2.309 202 42 8 0 0 0
2.31 204 42 8 0 0 0
2.311 202 42 8 0 0 0
2.312 200 42 8 0 0 0
2.313 200 42 8 0 0 0
2.314 194 42 8 0 0 0
2.315 195 42 8 0 0 0
2.316 203 42 8 0 0 0
2.317 201 42 8 0 0 0
2.318 215 42 8 0 0 0
2.319 210 42 8 0 0 0
2.32 214 42 8 0 0 0
2.321 211 42 8 0 0 0
2.322 211 42 8 0 0 0
2.323 207 42 8 0 0 0
2.324 209 42 8 0 0 0
2.325 212 42 8 0 0 0
2.326 208 42 8 0 0 0
2.327 210 42 8 0 0 0
2.328 209 42 8 0 0 0
2.329 212 42 8 0 0 0
2.33 209 42 8 0 0 0
2.331 206 42 8 0 0 0
2.332 210 42 8 0 0 0
2.333 208 42 8 0 0 0
2.334 210 42 8 0 0 0
2.335 211 42 8 0 0 0
2.336 206 42 8 0 0 0
2.337 210 42 8 0 0 0
2.338 205 42 8 0 0 0
2.339 202 42 8 0 0 0
2.34 201 42 8 0 0 0
2.341 199 42 8 0 0 0
2.342 203 42 8 0 0 0
2.343 204 42 8 0 0 0
2.344 199 42 8 0 0 0
2.345 208 42 8 0 0 0
2.346 211 42 8 0 0 0
2.347 210 42 8 0 0 0
2.348 206 42 8 0 0 0
2.349 204 42 8 0 0 0
2.35 205 42 8 0 0 0
2.351 206 42 8 0 0 0
2.352 205 42 8 0 0 0
2.353 197 42 8 0 0 0
2.354 206 42 8 0 0 0
2.355 205 42 8 0 0 0
2.356 200 42 8 0 0 0
2.357 202 42 8 0 0 0
2.358 198 42 8 0 0 0
2.359 196 42 8 0 0 0
2.36 194 42 8 0 0 0
2.361 196 42 8 0 0 0
2.362 193 42 8 0 0 0
2.363 197 42 8 0 0 0
2.364 197 42 8 0 0 0
2.365 192 42 8 0 0 0
2.366 199 42 8 0 0 0
2.367 197 42 8 0 0 0
2.368 192 42 8 0 0 0
2.369 201 42 8 0 0 0
2.37 194 42 8 0 0 0
2.371 197 42 8 0 0 0
2.372 195 42 8 0 0 0
2.373 196 42 8 0 0 0
2.374 201 42 8 0 0 0
2.375 202 42 8 0 0 0
2.376 202 42 8 0 0 0
2.377 199 42 8 0 0 0
2.378 202 42 8 0 0 0
2.379 201 42 8 0 0 0
2.38 202 42 8 0 0 0
2.381 208 42 8 0 0 0
2.382 207 42 8 0 0 0
2.383 211 42 8 0 0 0
2.384 204 42 8 0 0 0
2.385 204 42 8 0 0 0
2.386 202 42 8 0 0 0
2.387 206 42 8 0 0 0
2.388 208 42 8 0 0 0
2.389 211 42 8 0 0 0
2.39 210 42 8 0 0 0
2.391 207 42 8 0 0 0
2.392 211 42 8 0 0 0
2.393 207 42 8 0 0 0
2.394 208 42 8 0 0 0
2.395 207 42 8 0 0 0
2.396 204 42 8 0 0 0
2.397 203 42 8 0 0 0
2.398 208 42 8 0 0 0
2.399 206 42 8 0 0 0
2.4 207 42 8 0 0 0
2.401 205 42 8 0 0 0
2.402 205 42 8 0 0 0
2.403 206 42 8 0 0 0
2.404 205 42 8 0 0 0
2.405 203 42 8 0 0 0
2.406 205 42 8 0 0 0
2.407 204 42 8 0 0 0
2.408 201 42 8 0 0 0
2.409 202 42 8 0 0 0
2.41 198 42 8 0 0 0
2.411 201 42 8 0 0 0
2.412 199 42 8 0 0 0
2.413 201 42 8 0 0 0
2.414 202 42 8 0 0 0
2.414 203 42 8 0 0 0
